40.56 -92.79
45.56 -39.36
63.2 65.75
83.72 99.05
-26.23 -92.97
-73.39 49.1
7.75 -26.58
-3.98 -41.01
40.61 41.0
94.83 -90.78
-99.07 -29.88
6.9 -0.04
62.72 -58.98
40.89 40.78
88.27 3.4
-79.6 45.94
-95.57 28.97
20.28 -73.62
-35.52 -54.17
89.65 72.65
-73.04 -67.7
4.4 2.37
-41.68 6.33
-82.39 -0.58
96.59 -78.98
24.36 -0.83
-69.42 -49.1
67.23 -98.88
-26.3 89.18
5.06 -21.45
48.16 -59.95
-36.34 -55.21
-42.54 -0.12
-36.63 9.07
-0.7 -44.8
-74.29 12.33
15.59 -59.84
-78.27 78.57
26.36 -65.0
27.9 -24.44
9.0 -43.11
-36.55 -6.62
92.39 -35.64
10.86 -40.27
34.84 14.81
-53.42 -50.45
20.66 -18.53
-96.6 70.65
-95.45 -19.63
71.19 -74.63
71.78 66.79
-25.45 -6.15
-64.0 14.87
-77.67 -72.41
26.02 21.78
-82.34 -58.22
-66.65 -51.91
65.67 33.97
-77.41 68.62
61.08 -50.83
-58.3 84.57
46.32 -47.2
13.31 37.92
-67.81 -95.12
-8.14 30.07
78.91 9.39
-79.74 -68.75
-36.48 -53.0
25.81 -95.94
26.97 19.56
-59.14 -89.39
28.41 -3.39
-13.43 27.1
-52.15 -38.72
12.62 63.52
97.42 72.87
-10.63 -72.76
-23.9 -0.34
-52.93 -1.17
-23.08 2.65
-0.6 87.76
60.79 -88.31
3.66 61.62
0.47 -85.65
75.49 8.35
-10.99 -74.62
79.72 -39.51
95.5 3.49
-49.78 98.39
29.36 82.38
43.78 -20.52
56.23 56.44
-71.94 58.84
-65.31 -83.79
-96.07 -94.01
80.96 -37.21
-79.07 -32.75
-71.16 39.91
10.81 19.26
73.38 -11.33
48.92 -8.31
34.11 -42.76
50.06 -29.42
-31.77 -42.3
48.8 27.56
68.35 -59.28
52.73 -82.26
33.92 47.0
83.02 59.41
-72.25 98.97
-66.07 -29.66
-56.77 -40.35
21.99 41.53
50.75 -15.88
-27.4 69.56
79.55 -48.54
-35.47 -30.43
-74.37 -56.57
-37.1 -52.13
98.55 -60.27
-61.24 86.62
86.38 -96.48
47.19 7.96
-16.14 -34.97
-50.07 -25.93
-94.29 -82.28
97.66 -39.05
1.12 3.37
45.51 64.53
-65.15 -8.05
-65.78 -82.38
-42.71 -8.68
39.88 -30.44
34.78 -44.39
-5.25 -56.96
-73.92 -6.23
-60.8 14.45
16.84 -43.23
-43.87 -59.46
-22.32 61.68
65.58 51.82
-64.19 80.68
-12.85 36.94
50.47 70.34
-55.2 -2.75
-95.55 38.03
-47.42 17.73
-89.21 76.46
50.09 -47.62
4.48 38.11
-91.64 23.28
-86.84 23.29
-97.31 1.74
15.73 74.26
32.41 -38.88
-83.44 57.93
-89.91 22.36
30.74 -83.76
59.27 -59.71
64.95 38.85
35.34 67.2
34.57 39.57
-81.32 -41.13
29.02 -1.81
-5.6 72.51
84.02 16.51
-25.74 -91.11
-98.6 98.18
65.56 26.93
46.85 98.66
-98.8 -48.68
-18.49 -83.76
-79.73 -73.31
76.6 -4.06
-48.46 -71.21
25.41 -5.7
30.36 25.34
96.5 11.45
68.38 14.75
-85.22 -84.87
36.84 90.73
75.94 -56.05
-5.06 -77.64
38.48 77.13
81.6 14.79
64.36 45.84
46.51 86.02
85.52 72.22
-53.75 -8.77
-83.9 56.16
-29.31 50.96
27.21 63.23
-42.95 24.75
-28.68 -81.12
-68.78 -53.44
20.33 96.81
10.74 27.04
15.48 20.53
-96.62 -25.13
27.49 87.86
99.87 -79.41
-17.24 -70.8
90.14 47.46
35.47 -17.97
1.66 -29.06
98.42 -82.48
33.97 -21.24
-76.42 42.26
-47.17 39.79
42.97 -0.67
22.68 -45.14
-30.2 -71.86
-82.68 -90.25
17.11 -51.12
-79.15 16.98
-92.31 -26.55
-5.51 -86.33
-97.24 -5.93
-99.84 -13.54
-22.33 -99.02
70.7 -79.04
31.49 1.33
3.89 -38.86
-22.07 -60.35
-98.13 -17.54
4.21 -31.45
91.52 -48.06
-6.11 8.52
-42.96 -28.21
89.83 -0.39
-87.51 -38.46
-87.72 58.58
-61.28 -55.0
41.2 28.13
3.35 39.33
-21.41 -26.61
-81.01 -36.33
79.43 -99.57
92.31 -61.31
-3.8 84.84
38.68 -39.81
-60.23 46.15
-33.93 76.87
-48.31 34.53
84.9 8.57
-56.5 -52.01
-66.39 79.54
-76.26 -38.38
45.45 -88.61
26.47 82.37
52.34 -9.44
-59.43 -55.13
39.13 31.95
-57.98 19.3
61.05 -10.93
-19.76 77.08
-0.34 -42.51
-56.79 16.9
-7.61 37.55
85.32 -2.27
-80.33 -12.35
48.36 -29.89
38.26 63.36
-53.33 -0.4
-97.64 42.68
-26.81 -81.31
89.21 48.77
73.27 21.35
17.5 95.13
27.41 -65.07
31.72 38.73
56.76 67.6
-51.08 -33.18
-64.99 -67.22
-30.89 -70.16
27.0 18.64
17.9 37.77
84.06 35.44
-89.43 23.45
89.95 -45.51
84.53 26.68
-48.83 -67.02
-78.43 -15.3
-43.4 -29.54
36.68 -17.33
-8.68 99.26
-42.64 -71.91
16.68 65.02
46.35 -55.4
49.79 -82.3
-34.4 95.15
-44.41 -23.69
34.3 32.63
39.2 49.26
31.59 18.29
-98.72 91.33
69.71 -38.2
24.39 72.16
11.24 91.55
40.21 79.2
-77.17 73.94
-65.16 -4.41
-13.37 85.95
49.86 23.55
96.12 -6.62
53.16 -99.48
-69.39 73.21
-71.41 -20.3
28.77 12.21
49.82 -97.6
66.53 -15.92
-72.77 34.36
53.04 -77.85
32.55 60.9
-64.4 -19.02
41.4 1.48
26.67 -86.12
66.39 -79.91
46.98 21.03
7.38 -65.7
89.96 -29.69
-39.65 69.27
37.54 67.76
-6.4 -90.29
50.22 9.67
-6.05 -17.27
-11.6 7.38
-84.1 98.56
21.48 56.9
8.27 67.11
3.28 -4.49
34.88 -33.0
39.49 -85.01
42.23 -97.22
-21.06 44.48
60.73 -79.25
18.51 -30.57
-49.92 1.75
14.94 91.52
41.29 4.7
9.14 8.5
-86.71 77.07
70.11 10.85
29.69 -58.0
89.68 -72.82
70.3 87.11
-73.59 32.32
37.99 -84.82
-71.06 46.23
-7.2 -42.42
25.4 -57.54
-15.71 -5.11
48.04 -8.14
59.61 66.48
64.92 -66.63
-31.0 71.95
-12.49 -90.0
44.75 -26.04
9.8 -37.27
0.05 -60.28
79.84 29.75
-9.89 15.6
89.68 35.14
71.35 98.32
-16.54 -74.48
-3.15 59.86
-81.78 -7.4
98.39 97.43
-45.03 2.53
-54.88 44.35
22.75 -86.8
-37.96 15.8
69.46 -87.31
-30.77 -72.68
6.51 23.5
-66.61 -59.63
-25.23 -51.65
67.03 -51.38
79.66 78.18
11.55 -37.79
-63.94 17.48
10.92 95.14
48.19 86.11
66.46 -8.53
45.96 18.83
28.75 30.79
89.38 -71.81
-64.88 70.84
-25.23 -27.35
-31.71 82.72
8.86 -13.73
42.8 48.6
91.45 70.68
-85.1 -67.91
-42.92 -61.43
-69.23 95.25
-96.3 -47.78
65.39 -67.55
-67.78 19.44
80.15 23.25
10.8 -11.03
-44.62 -80.82
3.3 -25.53
65.94 -15.73
-93.72 -90.67
13.68 -57.05
45.81 95.07
-48.08 -43.89
-86.61 -39.83
-27.21 58.46
25.7 60.5
-44.54 -59.05
-20.84 85.25
-9.24 65.76
91.76 -32.5
-38.48 40.38
18.46 1.8
52.46 25.67
-85.63 -46.71
-44.35 58.23
20.48 22.06
54.49 -48.7
-50.36 -86.99
-74.25 -57.3
5.62 79.58
20.75 80.28
-92.69 74.88
4.81 43.46
91.61 -57.98
-22.57 -63.51
-25.74 22.05
-88.57 -46.58
-31.34 36.44
-25.16 43.62
71.35 -25.15
70.03 -29.19
-85.67 19.11
9.51 18.54
18.99 75.36
-77.04 5.95
-16.74 -61.61
-15.18 -46.1
65.93 25.62
-54.08 25.52
71.22 -73.04
96.96 8.02
29.67 6.66
-10.19 -13.63
-12.87 -25.99
81.62 40.98
-41.03 61.77
-24.06 -23.25
94.79 -56.17
97.17 -71.01
8.06 62.91
91.75 -68.87
-21.93 6.62
-82.08 -90.96
-29.79 56.44
-76.97 10.74
-0.44 23.88
37.58 -62.48
-57.07 34.14
-14.99 36.5
-18.63 -3.08
26.39 -14.14
-95.42 -40.59
-35.09 -22.0
-44.62 57.16
-85.92 10.83
-0.02 23.93
-26.86 18.58
57.02 35.4
-45.78 70.72
-48.15 -19.14
-5.89 76.61
-21.05 -29.16
-98.83 -37.63
61.0 78.44
-31.29 -83.45
-20.56 53.05
-35.66 54.57
-44.28 65.38
-76.45 99.01
93.53 -81.33
12.29 80.44
-21.36 58.43
9.74 76.73
72.85 -94.43
-35.71 -4.61
-92.63 67.11
-14.99 29.91
88.8 -87.17
44.16 57.5
85.12 73.39
-72.46 62.7
11.71 71.59
-86.81 81.94
-29.56 12.25
38.11 4.58
-41.03 -61.78
-7.06 -57.48
65.35 53.9
7.55 -42.49
-54.29 26.41
-43.46 -33.05
-47.66 -7.54
-12.35 -3.26
76.19 9.62
6.75 -87.06
83.73 -10.11
19.92 -45.14
83.01 44.92
-64.0 -95.9
-32.93 -76.27
3.25 -65.3
24.08 -46.22
76.78 40.25
34.66 -57.11
27.39 57.54
38.02 23.98
-53.17 -58.74
21.12 31.67
-46.03 -62.17
26.39 -58.44
-85.07 -74.95
-37.8 -63.29
75.62 8.98
17.88 82.79
81.02 -36.09
-11.96 81.96
94.94 -78.93
63.56 5.68
72.68 6.7
98.0 -5.42
73.76 -19.28
59.97 -44.84
16.92 3.16
26.04 57.78
5.47 -75.2
-39.49 47.28
-71.98 41.82
-99.48 72.38
44.13 -5.38
-49.25 59.16
41.79 19.5
90.57 -39.47
80.73 -39.0
69.9 -33.27
84.5 -99.31
75.09 -52.97
52.45 99.7
-18.15 62.72
57.71 12.09
78.9 -51.89
63.1 -27.6
-66.92 -48.6
57.45 -95.09
86.84 47.64
-53.6 55.01
69.44 -25.0
56.62 29.78
-84.87 55.95
6.3 -30.75
-82.72 -26.11
81.3 -40.96
0.47 2.56
42.13 32.26
-49.79 44.86
83.13 -78.02
-68.24 12.47
98.54 -23.79
-43.77 -61.75
89.19 97.77
19.62 19.72
-25.54 -31.28
-47.21 -44.4
55.39 -4.7
22.54 -18.0
3.86 -35.08
96.46 -29.14
41.53 40.82
-88.49 84.45
-36.8 93.02
81.14 47.66
46.9 44.6
-61.14 -87.01
-45.73 97.38
93.31 96.4
-48.8 -4.81
95.63 -41.95
9.23 -13.86
42.57 23.75
-58.47 1.15
-12.86 29.48
-88.08 19.2
13.96 -30.3
-47.01 33.82
19.74 -83.1
59.3 -37.76
-34.55 -1.25
34.57 -32.24
55.8 -10.3
-24.54 -19.1
-80.84 67.55
94.46 -78.61
31.54 58.06
-24.16 57.21
65.53 15.14
78.95 -80.12
91.61 -85.75
-71.09 -34.89
-43.04 -89.94
-81.44 73.54
57.14 -20.57
79.99 59.59
36.67 -58.42
7.51 -99.87
42.13 -39.15
-89.97 67.22
46.41 72.34
-30.47 67.02
-98.36 65.53
40.15 -39.34
-99.18 -41.27
21.69 77.68
79.96 -68.33
-66.47 -7.32
-86.24 25.5
-41.4 -80.45
91.09 -76.86
80.63 -64.04
-1.88 -66.83
-30.24 -70.26
-24.37 20.65
59.94 22.87
62.88 -41.52
95.52 48.55
-44.08 8.05
60.89 -3.43
30.41 70.2
8.86 -48.42
-60.11 70.27
84.63 88.31
-67.15 13.72
-29.31 -44.68
-49.82 57.46
0.1 81.71
9.46 -69.08
-31.55 -79.85
-39.95 -92.85
-71.28 -64.41
-36.2 49.96
35.75 28.93
-75.83 65.05
-26.95 17.86
25.43 -41.81
54.17 -72.24
50.58 -47.23
52.27 -82.14
-67.15 79.3
-85.99 -9.02
-26.64 -30.2
-70.35 35.32
-53.48 45.0
21.38 34.49
29.48 -53.92
49.27 76.99
-92.48 -38.74
5.83 -50.91
-46.87 9.0
61.43 -98.13
59.77 -11.03
-19.22 84.96
12.94 -95.4
17.3 86.29
19.91 -54.39
42.64 81.68
-58.83 66.02
97.9 90.98
-20.69 53.32
52.65 10.52
-0.34 -38.84
84.59 12.41
-88.42 46.52
-27.98 59.21
26.53 97.87
-46.16 -13.42
-54.96 65.33
29.89 -95.2
-44.64 40.37
36.3 64.34
-49.21 -24.22
-77.47 -39.04
80.05 17.48
88.79 53.6
75.39 -13.67
26.51 -64.28
12.94 98.51
-53.34 -84.71
-29.68 7.15
-94.49 34.78
-45.18 -62.15
75.78 -57.58
-46.11 26.19
95.19 18.16
-7.1 -25.57
-51.7 -93.06
-72.19 87.65
10.0 61.89
-81.6 -70.46
-97.12 -24.43
25.16 25.18
34.62 -71.07
19.55 -26.15
-7.48 13.48
31.72 -71.1
62.66 94.72
88.71 98.46
-47.78 39.49
-46.3 31.65
-79.93 -75.89
-54.71 -89.79
45.34 -45.24
-38.8 -74.04
-97.4 -27.28
-11.75 80.59
63.02 13.93
-84.96 78.53
62.29 21.64
39.62 97.22
62.7 24.89
-12.68 38.69
-66.24 -87.36
13.21 24.83
63.75 30.35
-84.99 2.05
12.28 14.48
-43.04 -67.18
63.84 -42.0
75.82 -83.84
25.96 -56.37
-37.26 45.26
-15.0 30.35
10.69 54.86
23.61 85.31
-62.73 -57.25
63.82 -85.5
18.45 49.56
-88.85 69.57
77.51 72.47
37.85 -11.52
-0.13 67.96
-27.17 65.83
25.65 32.26
23.08 -38.18
14.71 66.87
89.79 -29.13
77.97 -53.69
76.66 57.51
-26.35 -1.63
-92.84 6.72
64.21 -54.04
-85.63 71.11
30.11 19.75
-13.19 22.25
70.68 -28.56
-96.92 -89.36
41.63 -91.09
0.94 77.45
76.0 -74.46
26.57 -46.57
30.88 -75.97
19.39 49.46
-83.34 -95.13
-12.48 -83.1
-27.32 -0.62
99.04 -52.02
90.83 68.49
54.1 28.79
37.89 22.61
-85.42 92.77
71.2 56.65
86.2 16.25
21.27 80.46
-65.87 -51.42
-45.43 -21.69
-78.5 65.04
37.16 32.9
10.62 28.36
8.59 -64.43
-85.39 72.72
-41.62 -48.64
-87.58 -53.24
-16.3 62.52
-17.07 -10.43
-59.52 -95.82
-62.64 82.64
56.1 11.16
74.37 55.83
86.96 -40.75
93.72 72.99
-68.14 97.58
33.53 18.92
20.12 20.65
-96.99 62.85
-42.75 18.15
92.75 -34.99
-30.58 -11.89
54.43 -78.14
-25.48 29.46
-85.92 47.44
-19.83 -23.56
-61.78 76.36
-92.57 59.18
-95.91 -52.89
-0.23 50.85
3.04 75.06
-12.44 -69.95
65.15 41.77
51.65 68.11
-77.63 -52.93
-46.75 39.54
-3.13 -95.36
-20.9 46.38
67.07 -73.55
63.83 2.89
-9.57 3.08
15.61 -90.29
-46.62 -65.58
-28.33 68.37
26.97 81.66
-88.94 69.71
65.8 -7.15
50.61 73.3
-28.39 -13.53
42.87 -21.22
67.41 19.68
7.3 54.69
-87.51 -60.18
-9.59 -43.78
65.29 51.95
77.61 -62.41
-34.93 85.09
-57.59 75.53
-13.33 85.54
-24.16 -79.81
-39.44 77.08
4.76 25.77
35.2 53.46
-29.7 -67.97
50.59 11.23
-61.09 25.79
73.17 -39.79
75.12 48.62
-34.94 70.29
-70.55 -46.34
78.2 -30.8
-48.07 32.95
-43.6 45.1
68.74 -49.49
-60.6 -7.77
26.27 -95.71
-98.62 42.98
23.97 77.81
-60.52 -95.16
0.31 13.99
-72.91 -31.52
-73.16 66.78
36.15 -86.52
33.74 56.04
-52.74 -18.11
10.23 76.71
-63.34 3.39
-32.16 -43.25
-36.88 7.25
19.82 -57.86
-77.14 -8.18
-20.92 -14.03
-53.38 71.76
6.49 -42.33
93.4 -22.1
-57.05 44.98
-17.47 -55.98
-81.98 19.94
88.35 -25.4
74.23 33.58
-99.71 86.53
51.25 93.83
92.34 -38.44
64.71 90.78
-40.03 76.36
-96.37 52.51
-86.88 -92.49
-15.29 59.66
-30.02 79.05
-25.21 -46.99
-54.06 -86.07
-81.04 35.14
57.23 14.1
41.43 61.35
-88.47 -97.29
19.32 20.0
-66.3 62.96
-32.95 -97.81
28.52 -13.76
-91.51 -18.15
52.76 -14.53
37.39 51.73
-75.36 -48.48
29.18 -84.53
88.14 -48.37
-66.51 15.5
-10.19 -63.36
80.56 1.87
-31.64 69.66
-42.18 -84.25
-1.89 88.05
-22.88 -42.58
-57.07 -93.64
-1.83 66.06
-96.11 -41.31
-76.56 79.68
-13.48 57.05
9.6 -93.36
-58.79 -36.08
96.08 -28.11
47.58 -23.73
-84.58 36.94
23.54 -57.47
30.42 -5.6
-30.37 -40.64
-14.92 86.79
25.06 -54.0
-25.03 -7.02
-87.54 -14.18
-65.33 -25.79
-39.77 -36.09
-30.32 45.38
-38.2 -35.36
-30.68 -97.99
22.77 0.71
13.53 77.66
-70.28 80.15
36.94 42.19
-4.54 -66.62
-58.25 74.35
19.24 -15.94
11.19 -46.63
49.21 76.81
67.65 42.99
-28.98 -71.52
-87.2 9.54
-38.07 -6.2
-94.85 44.2
-80.77 55.18
28.8 84.33
94.37 94.51
72.45 -74.49
78.28 -5.23
51.91 -26.73
79.25 25.95
99.14 -36.6
37.97 69.2
91.88 -31.22
-12.49 -81.35
17.01 -89.44
5.6 -18.34
-66.13 84.73
39.42 -42.27
-11.49 -19.27
68.94 79.24
-76.76 -47.36
76.73 -13.16
-90.75 -19.26
77.83 76.7
-37.7 78.44
35.19 -27.29
-48.73 -65.41
-97.15 -2.47
-28.82 97.42
-78.68 0.25
-30.63 4.45
-28.53 -75.2
-6.52 -7.25
15.23 -97.94
-56.54 -57.64
-97.9 -2.24
35.9 85.85
-66.06 13.18
-91.7 -10.12
-65.03 -0.52
-67.36 -34.02
-98.83 -79.69
-37.8 -81.86
-76.06 -44.07
-34.99 58.03
88.41 0.47
-18.01 65.01
23.65 -52.48
-36.71 93.54
-60.86 99.74
48.38 95.08
84.88 36.47
-80.28 -69.56
35.07 -54.76
-5.46 -88.36
-76.1 3.08
96.1 53.8
12.78 75.01
96.08 -40.84
-46.49 45.25
10.52 -66.25
85.18 95.38
-97.07 -45.88
-10.63 -47.75
70.81 -48.05
55.64 88.29
54.72 -6.37
-88.17 -10.86
59.36 74.11
43.33 -93.84
-39.95 34.41
-98.59 57.77
