57.09 52.86
70.38 44.38
6.87 65.77
43.49 -28.41
68.95 18.02
66.46 -37.43
-38.7 7.35
-79.05 13.66
-3.64 -76.1
27.34 61.73
68.95 -69.67
-41.65 43.6
49.46 49.13
22.55 23.87
72.73 -64.49
21.2 27.52
65.77 -76.84
-46.72 36.1
94.48 54.74
-31.39 47.45
-34.59 -32.91
-37.09 -60.02
-74.41 41.04
18.28 6.7
89.0 -65.73
89.38 26.47
-38.24 86.73
-59.72 -0.74
-51.25 5.4
-40.33 33.42
-28.24 -19.26
-46.38 65.72
3.54 25.04
24.22 -8.28
-27.46 41.1
-58.83 -59.24
77.95 30.18
-31.71 -7.31
-86.65 -84.2
33.59 -87.58
-39.86 -12.18
-75.27 -18.5
48.45 87.94
49.01 28.06
-44.33 76.05
76.12 30.12
-67.99 -21.62
-20.46 87.98
74.89 7.16
-8.22 97.17
-81.33 84.28
-9.1 2.43
-19.74 -66.95
-86.33 -23.06
65.39 -39.81
55.97 -77.16
-33.6 78.03
53.27 29.41
68.89 2.04
-67.13 -92.48
37.1 -92.67
0.02 10.33
-52.56 -28.43
90.26 17.23
-31.39 -51.16
-88.33 38.31
-63.0 -83.89
-35.49 -76.61
-4.63 -39.14
85.73 -86.21
99.2 -86.65
-87.8 -36.14
30.32 -80.3
3.17 -65.27
-65.88 18.19
83.15 13.2
90.18 48.26
79.29 -61.9
-65.57 -16.53
17.0 -43.19
36.99 8.27
60.28 51.38
-4.13 -52.3
-65.57 67.71
-97.5 -19.5
58.81 -42.34
4.02 96.34
58.08 53.73
56.19 -64.66
72.34 68.61
-73.2 55.87
46.28 -69.89
-6.0 -97.23
-45.08 -82.22
42.76 87.36
19.45 19.51
-61.27 -13.04
45.26 59.28
40.41 98.02
-89.15 -93.4
-81.15 -98.86
-32.84 -37.21
-81.98 69.75
-19.7 78.36
-96.73 28.39
-0.14 -97.13
-52.14 47.86
-60.53 76.74
7.79 81.44
-70.32 18.49
15.22 4.9
26.29 -46.2
45.85 46.9
-8.11 28.92
42.68 40.5
53.09 90.72
67.23 42.39
7.17 61.72
85.7 -54.39
93.68 -25.17
-50.07 -72.18
-66.78 -49.35
-48.38 -56.87
-23.51 -29.64
99.41 -38.91
-96.0 14.86
-56.22 81.25
-57.81 -15.34
