-73.69 39.93
-50.54 -1.77
-92.83 48.95
72.38 -97.86
27.62 76.84
47.53 52.13
-21.28 -70.2
85.45 -56.73
-56.29 -82.8
46.63 64.92
2.22 -78.74
-10.75 45.51
6.6 -73.38
93.27 36.11
-67.77 -21.04
-57.14 78.86
-6.5 -82.07
-71.89 -55.47
-39.16 -54.38
47.22 -95.11
28.41 -26.83
93.75 38.32
-5.49 -55.27
-88.17 -48.75
-67.3 -0.02
-31.36 57.82
83.85 -76.33
19.88 23.18
23.79 -31.93
62.96 -68.04
-28.83 47.98
50.65 -30.78
-10.87 55.63
93.53 -43.01
-64.61 -15.32
69.65 30.31
49.29 -49.74
59.86 -89.02
52.35 -52.94
76.76 -65.8
99.36 63.84
58.75 37.89
62.9 29.34
-21.28 -11.68
29.73 -1.56
59.4 -70.65
32.08 -49.0
-67.47 -80.22
77.53 90.19
14.72 99.95
57.94 63.57
15.15 39.02
-62.33 -36.69
-15.52 97.9
83.47 -21.22
-36.48 16.41
29.98 -19.15
-83.11 -37.56
68.91 48.93
82.58 -71.32
-79.87 92.85
42.08 72.36
-54.88 18.42
66.07 -83.71
-73.68 88.25
-90.28 -63.73
94.59 -50.71
-72.81 64.02
-84.26 94.25
-27.33 -4.77
-1.34 -39.65
37.24 58.32
41.53 56.23
-20.47 48.39
-63.04 -74.89
-40.61 -74.79
-5.56 63.91
-97.23 -7.51
46.66 -66.02
-4.61 -95.7
95.07 47.82
60.04 68.38
58.82 -34.32
-79.0 78.89
-53.38 -8.89
-21.35 63.97
62.86 65.92
65.18 -0.78
88.84 69.03
79.56 21.16
88.76 41.93
35.04 32.6
-29.12 -27.19
-39.56 -17.71
33.59 11.49
-52.78 -53.66
81.69 18.7
-53.7 -58.54
-52.89 47.68
-28.43 93.52
8.82 16.49
-49.62 88.41
26.96 90.9
-57.44 -6.37
85.06 -54.97
-65.15 -47.26
-19.75 54.74
-31.11 22.96
47.51 -47.44
-89.92 42.31
-57.64 -45.73
42.39 -60.01
-54.59 -56.69
-28.26 34.95
-99.97 -98.57
0.17 77.89
-65.78 -75.14
-2.84 94.29
87.29 2.42
14.69 -97.29
48.17 -44.33
-7.57 -6.9
91.06 37.1
76.82 13.29
70.49 19.04
32.12 1.88
9.21 -66.43
67.1 28.47
-96.17 12.1
45.04 85.73
-39.01 -31.19
31.73 42.98
-70.13 15.56
29.68 -50.74
18.82 34.96
84.3 83.88
-53.35 -72.03
12.28 -99.56
24.45 -9.1
27.01 65.6
-60.6 -59.13
-54.44 -29.54
-30.07 89.03
-51.71 -83.76
22.85 63.66
69.28 -36.05
-45.42 -1.91
90.6 52.24
6.12 89.99
-22.68 -2.28
-27.26 -83.63
14.79 -54.45
63.52 73.08
12.5 -59.27
-93.89 -79.51
90.55 9.72
84.06 -90.29
-37.32 -39.72
74.91 -22.77
-91.23 26.43
-55.72 -21.67
-53.33 47.63
-89.05 -48.47
36.88 -11.35
27.65 -14.9
11.39 58.77
-75.06 -96.76
73.71 79.9
77.59 -33.88
-75.3 -80.51
-65.12 -28.92
-83.53 62.73
-73.38 -66.94
12.35 97.56
-14.7 -81.04
26.52 2.08
26.06 97.92
56.3 94.56
91.56 47.36
-29.41 10.08
10.81 -54.67
-80.68 73.22
-60.64 24.91
-31.14 -92.89
3.5 48.1
-82.79 -97.37
-53.34 -99.07
-91.02 81.47
-79.58 61.7
-79.74 -88.05
34.79 85.38
-30.16 68.46
86.94 -66.8
-50.75 -38.37
7.78 18.7
-50.45 -38.88
65.31 -82.24
52.68 -62.18
-98.06 -96.1
-30.4 -27.25
21.02 49.29
7.38 -86.0
-64.07 28.0
-58.61 56.95
45.54 30.18
12.54 -12.64
-95.18 17.75
8.9 -93.32
-49.46 -60.55
-0.14 -75.94
-85.71 -11.07
-32.66 98.97
59.78 -56.87
35.09 15.92
11.66 18.26
10.66 -5.21
14.77 -37.02
45.4 -54.98
31.07 79.93
-32.23 71.15
-57.48 -11.02
-13.12 -15.8
-44.01 4.84
-26.46 92.28
-69.08 -35.6
24.79 -22.83
-58.93 27.43
38.82 54.53
-52.85 60.72
-53.16 -95.79
44.97 -13.14
54.14 -38.4
-3.52 -12.15
-57.71 40.72
-0.76 -20.14
22.26 6.58
-43.31 -95.62
-47.01 78.68
71.22 23.01
99.68 -39.62
-83.52 33.96
30.31 82.33
69.56 -14.12
59.5 -73.23
-33.61 -1.19
46.56 -86.72
-12.2 -64.53
-68.89 -31.65
-57.46 -29.02
-21.38 15.03
-67.52 -72.87
15.76 29.37
-7.91 -36.51
-8.17 -72.3
55.85 -59.55
-15.96 -79.46
-9.34 12.55
69.76 65.35
-14.62 18.32
66.61 -89.56
10.72 4.47
-28.18 7.95
98.23 -34.72
94.77 31.19
-87.82 -54.11
53.23 -64.38
-20.96 12.54
-73.7 -89.4
63.73 -96.13
-30.8 86.02
5.73 -46.99
-16.05 10.68
90.02 -98.27
9.72 54.66
13.3 -60.42
-20.4 -15.3
-56.97 4.99
57.84 21.55
-0.17 24.93
24.49 -25.58
43.46 97.33
-8.76 58.01
57.53 -75.59
85.68 77.79
-43.94 60.19
-44.67 -89.17
-93.57 -52.96
0.35 -33.1
-19.32 7.88
-47.99 9.93
55.61 37.8
24.32 95.19
88.07 11.11
27.01 -7.73
70.92 -20.44
-76.99 -7.33
26.44 62.18
5.03 22.95
-26.67 64.5
-89.84 62.06
13.23 -3.73
60.11 -41.43
-7.91 63.62
-18.58 65.89
9.76 -26.48
87.93 -97.5
65.87 71.16
15.35 -68.21
81.81 -99.92
86.88 -73.12
-2.27 -36.68
48.69 -66.81
-59.04 39.35
-81.03 95.13
95.62 -0.98
54.32 -73.84
89.65 -0.33
-28.09 68.56
64.51 -62.58
51.17 37.34
-10.08 -70.58
-25.35 26.22
-76.75 60.97
74.61 -16.52
80.2 24.4
-77.58 43.47
29.6 99.87
-30.28 -62.07
94.38 -32.87
-68.95 8.35
36.58 -19.56
80.9 47.0
-57.63 69.39
-8.71 84.97
26.16 -28.72
73.75 78.49
75.62 2.91
96.83 -48.12
-21.86 -81.83
11.5 87.65
-51.53 -9.21
-90.58 -28.66
-78.0 51.51
-21.0 74.89
33.91 -54.26
-45.18 87.35
-19.31 21.06
1.91 -25.2
-88.35 13.69
-58.72 17.32
-80.7 -37.16
-9.86 74.2
63.81 70.68
-15.34 -40.14
0.66 -3.48
99.69 -49.02
34.82 -73.48
36.36 -74.89
-24.99 -49.85
-28.07 -28.37
-83.87 -93.15
-0.53 -79.75
79.12 -69.52
-58.86 50.74
-99.35 -26.43
-94.0 -61.83
32.23 -27.57
-45.63 -27.19
73.95 23.78
37.31 74.7
59.11 8.09
61.06 3.22
-87.72 -26.33
3.63 -19.76
62.94 -56.58
37.22 84.61
18.52 59.98
-95.26 -55.08
-90.79 -95.84
77.76 -53.84
21.72 11.1
-16.99 79.43
-45.05 -0.67
-31.72 86.0
73.96 62.69
27.15 -6.82
35.05 19.59
18.57 72.58
-32.61 21.65
28.04 -54.52
-15.91 97.61
85.99 -99.12
96.97 91.34
39.23 99.08
-4.03 -29.22
43.19 -66.83
13.45 -88.39
10.16 59.93
-90.48 44.83
56.3 -40.32
34.33 71.74
30.89 2.24
-58.9 15.05
5.33 96.56
-12.1 -94.3
-86.66 -76.09
-62.73 -2.47
8.09 52.27
75.87 59.39
27.96 11.41
55.24 37.69
54.69 0.3
82.01 57.52
-45.68 -78.11
-39.72 -49.75
17.26 95.64
61.42 17.48
-70.74 19.07
-10.84 -81.08
32.42 87.4
-42.99 82.18
-45.94 -20.91
-48.64 -11.53
61.44 27.3
50.24 63.11
5.73 -67.42
83.72 25.15
-51.29 90.37
51.32 -51.72
-30.9 3.47
67.52 -61.04
61.31 -42.11
25.36 76.21
-46.26 55.89
59.79 -32.19
-63.96 -90.51
-23.68 -22.56
77.09 36.88
-82.64 -53.66
-87.87 -95.99
52.25 -18.52
-65.79 98.63
-5.57 84.72
72.79 42.66
30.24 -64.22
46.07 -32.35
-50.67 4.53
44.1 -33.78
80.74 -96.99
-71.89 92.79
99.19 -22.13
5.48 85.58
-68.22 82.72
-77.51 -81.13
79.33 -42.1
-27.07 56.45
16.53 15.25
-15.73 -9.29
-28.03 -6.87
-81.75 91.31
33.91 -28.62
-67.95 -45.04
90.07 5.93
-55.04 -73.53
-53.24 -94.6
-49.94 71.25
38.21 -70.45
-86.16 -58.01
-44.96 56.52
-25.54 -44.89
47.81 58.04
-58.61 -53.29
19.72 38.38
-81.73 -61.8
34.6 0.48
67.23 5.43
40.01 40.47
3.57 -38.57
-46.01 -48.91
68.69 -74.02
72.51 92.85
90.47 -31.89
11.6 1.06
98.2 88.2
75.77 -68.34
42.98 78.22
46.81 74.53
-62.66 -1.8
-2.47 68.55
-45.59 39.49
-75.43 -39.13
89.74 -6.12
-68.94 57.51
-26.8 85.72
46.06 -55.95
67.88 63.82
59.23 -95.51
67.92 73.33
15.72 -67.82
18.54 -21.58
22.73 -97.33
-88.93 -22.37
-78.96 81.62
-37.93 -92.91
8.21 23.74
-81.5 10.14
27.28 59.76
10.32 -75.03
-6.19 44.09
-51.06 82.52
3.43 38.24
-90.34 11.18
39.37 51.84
-92.24 36.08
61.86 58.84
89.31 51.59
-69.93 79.26
71.88 -68.3
91.51 -8.94
48.3 -16.61
31.22 -69.44
-75.7 22.89
-52.27 -85.31
-14.72 -46.02
-8.57 -25.45
-5.77 3.56
53.65 -54.72
30.31 5.35
-2.02 -24.77
-64.38 -5.72
33.77 97.76
-39.61 16.38
-26.91 19.3
-17.27 11.21
-45.18 62.55
87.6 51.58
85.97 -15.68
-22.8 94.04
22.78 -55.29
89.01 87.19
-0.76 -58.02
-75.88 -85.07
59.76 -52.94
-57.05 38.72
-80.48 83.33
85.59 29.12
64.43 -9.76
39.68 -91.96
-31.64 -67.44
66.92 -78.21
70.85 95.42
14.46 53.28
-1.91 70.29
-96.68 -72.03
57.67 -26.04
-5.47 73.92
-30.93 -83.07
12.22 86.0
78.25 33.6
-46.51 74.02
71.64 -64.12
55.11 -8.1
-59.84 65.29
-13.06 92.76
53.07 30.43
-99.19 31.05
-11.71 46.26
-35.46 72.17
88.78 -91.35
68.51 52.62
57.28 45.11
41.88 -57.68
51.34 -71.34
47.73 89.55
-20.86 55.79
86.5 86.02
98.8 48.15
-31.27 31.69
46.24 98.02
-71.17 -54.62
53.19 -2.15
59.48 6.15
-38.42 -25.49
-67.53 69.48
-14.16 47.57
97.78 54.33
96.96 69.57
42.74 73.81
-46.89 -31.7
-58.81 93.18
-73.14 77.59
-26.75 67.19
84.42 -14.16
51.9 93.01
-74.84 59.19
57.52 26.02
-0.44 -28.93
-41.31 -57.55
-68.18 -0.7
-10.88 19.99
60.39 -49.91
0.5 -31.63
6.92 -86.62
1.64 58.99
44.47 -4.21
-19.11 80.78
15.04 -16.16
10.3 -60.59
34.2 93.81
96.43 -91.14
81.41 -24.76
-71.96 -87.96
1.81 2.62
-85.14 74.74
31.06 6.82
-13.93 8.64
-85.71 -67.07
-20.48 1.44
32.55 43.91
-71.01 6.57
6.53 50.56
52.52 -55.75
-21.57 -39.96
53.06 -23.96
37.07 -20.68
-66.35 57.57
-47.92 -13.36
40.07 89.65
37.82 -88.08
-14.95 11.53
36.22 -6.98
-21.7 57.27
-20.86 -53.04
99.82 86.74
34.69 -37.61
60.62 24.64
-32.69 -12.75
-73.02 5.44
52.94 -81.6
22.4 -12.44
-48.99 7.95
-6.35 25.59
83.02 -87.59
-17.71 -10.16
83.5 -40.95
15.26 66.51
65.17 97.07
2.62 -14.74
-18.62 -0.84
15.57 93.27
13.46 45.99
46.71 -28.04
41.89 19.41
-67.01 66.19
23.19 42.35
85.38 69.06
-92.35 -96.72
83.26 81.97
-88.15 78.21
-91.51 35.88
-41.84 64.51
17.76 -51.59
65.23 74.62
-32.17 32.18
31.02 -64.63
59.62 23.77
-43.73 56.72
58.76 -13.73
-63.5 -47.28
58.44 -11.5
35.91 58.24
-25.3 52.84
-56.95 25.5
-52.67 -11.05
-10.34 15.59
-61.58 -35.05
9.4 81.04
-31.71 8.02
-55.27 -19.79
-93.73 -6.5
4.91 20.68
-10.47 -2.56
12.54 83.99
-49.84 -71.26
33.45 -30.43
12.15 5.72
23.8 35.29
33.22 38.91
-98.11 92.49
82.74 42.19
-31.12 -3.72
-46.27 -10.9
65.77 -76.53
74.02 22.21
83.46 -12.21
-83.95 -16.53
16.36 77.9
-43.48 90.34
-11.47 46.11
57.67 -95.02
-41.29 47.44
11.65 92.7
71.79 85.93
-98.91 5.18
15.05 -68.07
11.47 -5.51
-22.2 59.02
-23.97 -56.48
61.16 90.21
-14.57 75.49
-39.91 -66.7
-22.59 56.27
-74.78 36.11
-63.22 24.09
4.55 -82.9
-52.14 -63.77
-42.51 92.18
16.68 82.97
-58.62 -34.26
60.25 -27.54
34.06 -50.6
-58.05 -55.25
14.61 -30.43
57.59 -75.97
51.47 13.49
4.0 11.56
-87.12 0.32
-69.81 -86.23
39.97 -31.54
-23.38 -46.61
81.84 -96.24
-85.7 -79.0
-89.52 -71.1
4.92 -42.01
20.58 -96.63
99.5 -8.18
19.22 97.92
-42.7 89.32
-70.03 -24.33
-35.82 -86.68
62.89 -66.93
-47.36 53.66
-48.02 -55.86
45.61 66.95
36.22 83.7
-7.27 69.49
-96.35 -84.93
93.9 -77.18
12.32 -72.38
-68.92 -85.31
-17.33 26.31
53.31 37.37
-39.82 -56.8
-45.09 -15.6
-96.74 30.64
-26.06 -49.98
-28.36 65.21
64.15 -64.3
32.88 98.47
87.84 7.42
57.18 86.09
-99.96 6.18
-96.46 98.82
-60.65 -67.33
-39.41 43.44
-10.33 -53.42
-8.56 12.01
44.28 -1.95
-61.74 61.39
-25.59 -58.92
74.56 47.71
-57.23 -65.86
-14.21 54.87
62.03 5.27
-5.35 -39.89
-94.64 50.5
80.15 -51.43
-58.73 3.23
-51.27 50.48
59.37 -93.54
56.08 33.28
63.36 -24.83
42.57 9.83
-67.37 15.08
-2.59 88.67
85.16 16.15
72.71 20.96
-73.28 7.04
-82.8 37.52
38.79 -99.33
-11.18 -17.48
58.07 92.16
90.7 99.79
35.99 -27.37
-60.04 86.68
22.78 29.48
-31.43 -69.5
-83.35 -20.33
77.21 86.78
82.3 43.46
-32.66 98.15
10.67 69.6
57.28 36.11
-6.77 -6.08
11.89 54.21
-74.66 63.83
78.15 -75.26
-27.01 -8.79
-97.01 10.7
-0.22 -94.34
83.96 -18.6
-32.06 27.4
-56.87 97.53
-11.93 62.04
-64.45 70.74
19.13 64.03
-45.28 36.72
-13.65 -1.85
-88.21 23.39
50.82 -55.09
-65.76 -36.8
-56.61 63.14
-44.32 62.6
50.17 -99.22
18.07 -91.39
35.42 -35.34
8.19 58.54
-11.42 -50.9
72.97 -37.14
84.05 38.45
-55.96 85.93
65.31 -67.19
44.44 -11.5
-29.31 65.59
95.37 -50.01
92.96 -76.47
-73.96 -44.05
46.69 20.47
-57.26 61.58
-64.62 24.6
10.26 43.86
2.03 14.15
-97.2 -93.73
-0.56 27.05
-52.63 64.34
-78.69 83.8
60.77 -72.88
83.18 72.68
23.2 -60.2
29.25 -57.3
50.26 -39.32
92.19 -77.94
67.41 -58.2
73.04 -73.31
-97.11 -50.46
61.96 -24.9
70.34 26.41
24.57 -22.51
20.86 74.61
13.59 -24.18
-69.66 94.45
-57.59 -60.68
52.25 74.49
-30.42 -81.25
-94.6 28.89
88.83 81.55
-46.77 -70.91
59.39 -60.13
59.12 -40.87
-90.02 -74.36
81.62 86.92
-23.4 65.94
39.1 -5.88
6.52 97.34
35.53 -89.06
-23.66 88.1
56.77 86.18
22.21 -86.18
-19.43 -16.72
29.15 -49.63
22.65 71.02
58.13 86.24
14.94 75.94
-60.04 -29.73
-77.33 -92.93
26.56 -65.35
-68.22 45.56
15.26 -26.09
83.12 19.26
58.82 57.59
97.75 70.38
-32.84 -28.13
57.0 -62.82
-34.11 27.65
25.33 -50.5
1.16 12.19
-93.73 -27.37
-92.91 -51.34
-65.86 -93.66
-14.09 25.01
87.92 -46.09
-63.62 -35.16
-59.23 64.86
-62.22 69.39
44.35 -87.72
42.79 13.5
-96.57 -31.4
-29.25 -39.72
42.23 26.56
-74.27 -43.72
17.63 57.4
6.22 -27.41
-55.5 -66.41
93.86 -32.36
-18.52 -58.74
-54.98 -40.9
38.34 -66.05
49.33 -13.59
-33.22 -29.88
-32.4 -10.27
78.17 -33.08
69.2 29.7
-69.06 -36.85
58.34 -4.03
-80.78 -30.27
94.73 18.81
32.78 16.64
58.44 -68.13
-34.46 -71.14
4.93 1.66
-13.65 68.27
53.79 -52.78
-16.18 -56.71
96.1 36.17
51.31 39.89
-64.95 91.18
-93.26 -53.27
91.02 -40.95
-26.58 71.82
-71.89 57.84
31.25 68.96
26.11 -57.11
-68.21 -12.88
-14.6 92.09
31.46 -84.25
-40.19 81.31
32.32 23.71
-73.06 -47.05
87.21 22.15
-10.44 -76.52
-88.36 -1.06
98.08 44.14
-58.46 -97.06
48.93 38.8
65.79 90.53
56.08 -28.06
33.32 -69.37
80.47 -5.72
43.29 14.92
-84.37 -81.62
-79.69 98.41
81.82 64.67
-11.13 72.26
-16.25 -85.25
79.76 84.6
-69.21 21.16
-2.05 93.63
-62.55 12.43
29.86 87.1
88.26 77.14
13.08 46.44
82.92 -1.98
30.4 -43.59
-1.45 -45.81
-24.43 89.77
-98.1 -21.89
6.27 -33.68
46.8 63.99
43.86 -10.45
50.43 -78.87
-36.47 6.96
-18.15 -1.3
-22.37 -95.54
-15.97 -57.66
4.72 3.59
-43.13 68.42
-54.22 95.64
91.83 -35.23
-94.23 8.83
6.44 -61.77
85.15 -10.84
63.84 -80.7
-85.73 17.46
-23.13 -88.88
51.47 -68.86
-18.3 93.84
47.48 -82.32
64.17 -36.06
50.42 45.76
53.98 -33.02
55.34 57.26
-57.96 20.43
-41.12 99.34
-53.28 35.5
-73.42 -66.4
-38.21 -53.31
-91.01 25.97
-56.28 -73.72
3.0 -82.56
48.07 -79.51
-30.33 -41.84
37.15 29.4
22.6 -19.43
92.08 -60.83
-98.28 56.79
49.72 -43.02
12.42 -14.25
-79.29 -75.23
81.43 -93.75
-83.81 -30.61
-85.48 22.26
14.29 72.52
54.69 60.68
47.02 -75.79
-35.69 44.78
-77.31 -39.57
62.29 30.87
93.6 -81.28
31.53 -98.91
-7.6 13.23
-7.01 87.43
0.8 69.33
7.2 15.49
-88.31 -90.47
34.93 -58.38
94.9 65.39
-1.72 21.03
-90.93 21.09
91.79 -50.1
90.17 -47.8
37.3 -12.71
90.09 -45.04
-71.04 -6.58
99.32 50.28
14.21 54.68
43.8 -72.87
18.39 -66.9
35.22 -81.5
-90.58 92.39
49.86 -35.25
-24.32 -60.9
91.8 -18.31
-12.83 49.46
-85.98 -93.52
93.27 50.75
-5.49 -60.57
63.13 -71.74
-90.31 -8.9
89.96 7.2
-42.99 44.59
-23.83 -10.31
-86.58 -85.83
97.57 -63.19
39.68 68.13
-89.19 95.81
-47.35 21.93
35.46 -98.05
96.93 -99.13
-37.37 37.8
78.08 -87.46
60.25 -0.42
40.9 50.59
-77.87 -30.22
76.78 -86.99
-29.06 19.74
26.24 29.81
41.19 78.32
-50.85 -28.34
44.64 -13.08
-50.85 77.83
-11.74 -85.23
-5.9 28.39
14.01 -72.71
69.98 84.75
-92.43 -98.86
-63.89 6.76
63.98 -81.66
22.97 36.0
53.7 62.44
64.93 -72.13
36.78 -19.63
20.46 -97.21
83.45 -31.7
47.71 23.69
-30.03 14.99
13.9 1.58
-90.04 25.83
83.99 55.12
88.04 -61.4
13.17 -88.49
-39.67 -0.84
42.23 59.77
-26.18 23.72
32.55 12.41
57.89 -6.99
-46.37 70.12
-88.41 47.8
86.75 -66.52
98.9 3.56
-9.01 66.61
87.67 -65.32
-89.67 -81.72
-53.71 -68.41
-94.25 -14.8
71.39 -27.35
12.46 46.68
34.72 -42.31
30.67 -85.57
-64.61 52.39
-69.88 -81.57
55.43 -17.78
-30.98 51.66
85.93 -72.29
-61.72 87.61
0.36 86.49
-61.68 15.43
32.51 19.93
17.39 -95.84
-85.37 -50.03
7.58 -4.84
94.46 -4.46
6.67 -99.74
-27.51 -97.84
28.73 -77.81
91.51 7.51
-5.01 72.45
-71.92 4.63
90.54 47.66
-48.01 38.19
-65.58 14.59
32.87 -54.29
20.69 -9.03
3.7 -9.55
6.76 57.64
-37.18 69.29
-25.6 19.26
-25.89 -69.27
35.52 41.86
-60.05 -8.8
-99.42 -26.78
-18.34 76.63
66.81 15.69
88.66 -88.4
-73.09 -0.8
-65.47 -85.7
-72.33 -93.09
88.83 77.11
15.92 -76.34
-8.28 24.06
87.57 -6.17
-82.26 22.08
-16.87 -31.2
92.9 77.8
-69.79 56.66
-2.5 -6.72
69.84 -27.84
-38.38 54.45
-86.41 26.01
57.99 56.41
-65.75 -14.65
90.96 -47.5
-42.1 -80.34
-8.42 15.14
24.84 -5.56
-38.31 -87.7
78.83 40.87
65.01 -19.07
-68.21 70.7
79.41 -77.57
4.47 -53.69
-11.07 -22.54
55.19 -84.87
-46.03 70.39
-14.76 -32.05
63.75 -49.42
-74.32 -49.63
-51.6 -19.16
75.17 -69.85
-70.02 98.25
-16.24 -25.59
-30.39 23.11
46.95 -4.49
57.04 -77.6
24.92 17.95
3.77 56.28
53.08 -61.45
-59.91 -53.02
-48.17 -43.75
-53.25 84.34
-88.37 20.26
-46.33 19.86
-82.1 -96.73
50.65 69.35
-86.22 -78.42
36.79 -22.54
-93.92 -24.75
99.42 -17.53
-31.72 -49.34
-48.41 9.63
-76.63 31.23
-90.37 -83.66
60.27 -63.51
4.13 -14.11
-62.63 35.65
76.64 62.78
-60.0 98.27
-69.13 81.7
-41.76 -91.31
49.08 -14.48
64.16 50.87
-62.03 96.54
-17.61 -39.29
90.73 18.75
71.37 -57.8
-65.93 -35.36
-80.5 -25.42
63.28 -7.8
-57.94 72.86
-82.76 -3.01
85.84 51.75
-85.43 78.56
-57.6 71.25
65.06 -45.21
-98.42 82.19
37.93 37.09
-29.28 -77.49
-4.95 -26.69
-21.08 -2.27
-59.24 -6.4
-4.26 -4.69
5.5 72.32
-51.63 39.78
2.48 -75.0
-51.38 39.86
13.69 -62.61
41.9 -6.38
-97.67 70.14
-24.29 -16.15
-64.22 82.94
-27.74 -56.01
-98.63 33.9
62.31 -43.16
26.29 65.04
-74.25 67.46
-69.7 33.32
-0.63 89.46
96.87 -39.51
-81.91 47.51
-64.1 84.87
-72.77 77.31
-15.99 -79.95
25.87 23.82
-69.89 72.33
-0.15 -72.81
-60.78 36.72
83.19 89.04
-68.33 -53.08
-37.37 11.62
93.03 73.06
52.61 75.8
-77.23 8.96
31.04 73.32
-64.28 97.64
-89.18 92.51
89.73 15.17
71.88 96.02
71.17 -4.86
-88.53 2.08
-65.58 14.98
95.98 -23.38
-41.14 52.22
59.09 39.39
-96.69 -86.65
-38.43 -53.77
68.06 67.19
73.64 -55.18
41.03 12.33
91.42 -79.7
-83.96 23.19
-96.0 -11.59
10.12 -11.8
78.17 51.69
-5.22 28.52
-36.42 46.56
-49.37 90.71
-91.25 3.31
-77.57 -27.07
80.75 -42.7
-39.21 -77.88
-0.93 14.85
74.61 -88.82
-15.83 79.87
28.06 -65.63
-93.6 53.82
-96.17 12.65
90.29 -53.67
48.5 -29.72
-87.74 -13.52
22.08 75.18
75.16 57.2
70.18 -98.05
60.1 37.51
10.62 28.05
50.87 6.47
13.02 -84.71
24.16 -76.57
-22.32 -19.88
-42.84 -19.33
86.08 -74.05
18.67 -59.2
10.14 -29.75
31.12 45.08
-40.54 -46.05
-36.21 27.2
2.42 51.02
82.92 33.79
51.69 -7.91
20.85 44.15
91.11 -3.67
-9.3 52.8
73.13 -40.98
-7.9 83.18
-39.85 -60.78
-22.21 94.78
37.53 56.67
-62.71 -6.64
-17.02 41.02
-18.56 -18.81
-87.63 90.61
99.2 23.84
64.87 -99.87
-63.43 -28.85
-54.91 65.11
-89.03 69.9
6.79 -79.01
-96.83 38.94
75.46 51.17
-7.8 11.44
-58.17 42.73
95.99 -34.04
96.98 -46.8
-36.9 39.13
-6.2 22.63
-8.28 78.31
-93.76 59.53
-95.0 -49.18
-59.14 -33.34
-69.07 2.05
84.28 22.02
2.9 -26.92
-36.6 -50.29
61.31 86.99
-87.2 -58.44
44.9 -51.25
32.81 -4.69
85.77 74.71
11.49 15.55
-59.06 14.17
-73.83 -13.12
-2.12 -10.17
90.59 60.03
16.45 -53.02
-60.06 77.7
-9.47 89.29
-1.87 24.49
4.01 -37.7
54.07 16.08
28.17 -92.11
48.45 27.69
62.96 -80.74
-26.51 46.02
52.42 -75.46
-56.54 -22.74
92.71 12.56
-16.8 -61.21
78.72 8.86
94.13 3.96
-95.45 -33.77
50.68 -79.83
26.73 -42.07
77.67 -59.27
33.03 53.25
-58.86 -79.68
89.37 -49.56
62.39 84.39
41.96 49.45
-2.61 76.76
31.05 79.28
11.47 -84.41
51.53 -31.06
-18.53 50.11
-58.99 -1.05
-62.92 -70.55
84.27 91.08
47.15 16.38
47.44 29.14
-42.79 8.65
96.15 97.23
69.91 85.47
50.78 -27.04
-95.52 -5.52
-71.44 -79.6
52.82 54.79
-35.31 -50.45
14.62 -39.63
-81.69 -0.42
-85.75 82.99
-51.8 -92.78
-57.88 -20.57
-97.63 0.64
-44.03 -20.71
-68.9 -54.13
77.44 -27.12
87.46 92.15
-31.74 -15.21
-79.85 -84.94
52.49 -3.08
-72.44 93.31
49.04 -79.51
71.53 -89.83
-94.02 41.73
-55.38 91.95
-32.7 35.15
-15.32 -36.14
13.0 -55.47
-94.15 46.94
42.65 -72.69
-39.5 -40.82
71.29 8.01
56.89 -84.74
74.57 -90.62
76.08 8.7
0.81 -83.05
-60.87 34.62
39.13 -40.03
63.91 84.29
83.04 -57.48
38.04 -65.89
43.04 47.38
77.4 7.28
58.34 -56.27
82.69 63.53
-23.14 8.58
63.51 0.4
65.39 21.92
84.46 50.11
-18.16 -1.54
43.38 -85.8
-72.38 56.59
99.6 -87.47
-45.27 62.1
-87.03 -98.18
-15.54 25.32
87.65 88.19
38.35 -5.32
-22.82 49.29
-40.35 -52.4
91.11 -69.62
76.06 -25.05
-84.34 36.37
62.43 -33.57
-25.27 43.04
60.47 14.96
-3.1 14.14
32.68 -2.8
35.92 38.82
-63.42 57.41
-98.18 20.5
-37.86 -67.77
17.92 35.93
74.41 -48.08
-32.56 -16.88
3.94 -29.39
93.87 26.4
84.35 -37.64
22.32 -89.86
70.61 -49.12
78.67 42.21
-68.33 -46.11
-67.52 -83.17
14.6 42.13
52.11 91.64
15.27 -3.96
31.05 32.58
32.92 51.02
7.73 -61.59
97.43 -36.13
-5.55 73.68
35.19 -74.62
-77.6 73.66
-19.6 -92.88
83.74 -31.96
-47.44 -36.48
-15.76 9.53
-76.56 33.21
12.49 -10.15
92.16 -65.24
-76.95 23.67
23.24 25.75
-96.44 29.82
66.17 -71.73
-65.52 15.03
15.29 71.89
32.96 93.41
65.65 -61.73
-66.3 -98.07
-37.45 90.06
-36.68 -24.43
42.22 98.69
-83.78 65.33
38.1 -26.48
-47.97 35.12
-30.81 -43.16
-79.61 80.84
92.78 -49.03
-63.84 -39.99
-42.8 32.73
42.58 0.71
-19.13 70.16
64.08 -28.23
-42.35 66.52
-7.68 19.95
-53.08 -34.5
-45.94 -58.72
-44.86 -55.69
-5.24 -4.96
-19.06 -38.91
-69.74 -38.68
-20.87 64.57
-85.13 -28.62
-45.97 -69.54
92.45 -2.51
31.25 17.53
12.15 89.88
-71.07 -84.76
-84.65 61.33
-29.44 20.06
-60.86 -69.77
53.93 -81.73
-71.7 12.29
-0.04 -71.4
-91.4 -45.8
18.6 2.8
-5.27 -39.79
9.02 49.61
4.32 -35.14
-87.6 22.61
-79.19 72.77
-27.81 -75.96
96.25 88.6
-41.66 26.04
2.74 0.17
60.71 93.14
67.7 -87.84
27.3 74.42
-80.72 6.67
11.56 -92.27
59.1 -20.8
9.38 18.27
-48.46 -52.86
76.57 -42.85
-90.13 91.82
7.28 90.62
-72.13 -71.53
57.21 -5.42
31.3 86.66
46.22 72.0
-37.05 22.14
86.91 8.1
-78.75 32.45
-81.85 42.93
-30.23 -66.59
-59.52 38.95
56.27 -21.16
-86.47 -16.4
22.33 -38.31
67.88 36.76
-35.21 27.39
37.38 -45.31
59.6 -80.55
8.37 -80.49
82.75 -74.72
-35.26 40.75
-98.75 44.78
-45.64 70.64
-70.6 -78.05
-5.34 -46.52
-34.22 72.39
51.28 -36.16
56.34 -34.79
-24.58 -83.91
41.88 -28.79
60.52 -33.25
-91.16 -30.0
-46.8 -11.45
41.08 80.87
86.8 45.25
-28.76 -97.39
-57.87 -51.87
33.39 64.28
18.77 -91.52
6.57 -32.06
-85.87 -90.87
46.34 -51.94
-95.16 -29.7
9.58 -90.85
34.15 -20.63
-38.44 -18.32
-53.9 59.44
17.58 -62.88
14.7 -36.2
-10.18 -28.85
36.73 59.67
98.35 82.64
-96.76 34.78
36.34 -52.41
86.54 70.68
-2.21 86.18
6.52 22.5
-33.85 77.88
-62.13 2.15
47.15 -50.49
57.39 92.75
-66.28 -69.68
-24.86 51.24
45.34 92.96
84.03 -1.05
-86.23 -71.75
91.93 33.92
19.84 -79.76
-48.31 -24.03
36.59 -74.4
-2.11 -52.02
12.33 78.69
-12.13 -85.4
58.47 -53.03
65.61 -83.45
55.32 -52.15
56.02 -77.29
35.12 52.01
-21.92 83.69
-5.59 20.49
-84.16 94.77
81.93 10.0
18.52 91.99
2.0 -13.62
25.66 -26.07
-10.36 76.84
76.31 -98.63
68.14 45.36
71.27 39.58
33.9 -53.8
-46.76 -68.16
-87.31 51.03
15.42 1.38
-33.8 74.13
20.03 -37.85
82.62 32.02
65.79 -32.35
66.13 92.65
64.48 -37.02
61.54 93.63
20.1 -58.07
-3.11 -15.78
78.16 49.95
-57.42 84.38
-85.93 -15.48
61.33 -35.35
62.77 64.18
17.54 -90.92
-99.19 -41.64
91.37 -12.0
88.6 85.39
-74.72 -22.5
57.31 29.01
-38.75 -82.49
-10.95 13.22
-13.47 83.45
53.55 -71.51
-0.93 39.11
58.87 -24.92
-58.87 27.46
78.57 -33.88
-42.66 -86.39
82.59 96.48
-79.93 69.35
-91.32 89.19
-45.67 53.16
-63.85 98.24
47.14 -46.75
53.42 46.8
95.11 -50.54
19.35 -34.33
11.75 13.96
92.21 8.95
78.39 69.77
46.11 10.54
81.37 -60.43
34.83 93.72
87.58 -16.47
56.47 43.71
-71.9 18.61
-30.33 0.76
21.47 5.43
-81.82 -44.99
-80.67 96.03
67.05 -80.81
-42.96 51.62
-37.22 -20.59
65.6 15.82
-48.81 10.32
78.9 -50.11
47.18 23.86
95.47 -72.79
49.4 16.49
75.98 -27.11
-23.5 -8.58
36.69 -12.12
40.9 -62.9
-44.5 -86.84
97.25 -97.99
99.43 -80.73
-10.78 -26.5
43.1 38.3
81.5 -6.82
-74.81 88.56
2.76 95.04
44.28 -23.21
79.62 -13.4
82.03 86.62
3.23 -83.13
79.39 -10.43
6.93 -55.04
-22.62 -94.15
-98.96 -49.92
-12.47 95.2
-58.97 36.04
-5.86 87.88
19.62 -34.41
44.77 92.83
-14.71 -53.26
-92.8 91.32
-35.49 -65.28
32.93 80.41
61.75 16.59
-42.47 -5.38
-56.27 -46.31
-73.69 13.21
41.65 -32.63
-58.14 -9.66
21.11 59.1
89.56 62.76
5.63 47.2
-46.4 31.06
30.6 21.27
35.92 39.98
16.39 -77.32
23.83 -26.29
78.23 -33.46
-41.47 61.61
-61.05 32.0
30.34 -82.51
-9.57 37.97
60.02 -39.23
54.93 -86.69
11.19 39.13
33.77 11.31
-65.86 3.97
42.95 -90.95
82.21 64.17
-5.46 30.6
51.65 -49.43
-39.74 -91.16
-47.71 73.3
-95.71 21.07
44.97 -52.81
99.92 54.52
-54.53 48.97
-61.37 -20.49
97.07 70.31
-16.9 90.37
-57.09 53.41
36.81 -4.75
23.16 -82.78
14.2 -31.54
77.34 -3.96
-11.92 77.11
-78.68 77.77
-20.3 -5.4
-19.56 -15.87
91.84 7.8
32.09 28.13
94.5 -33.42
-32.55 45.69
-30.68 58.11
22.56 -19.22
16.73 53.0
9.62 44.15
-69.12 -47.52
-46.5 47.98
-84.19 91.55
67.4 75.33
46.46 50.38
-13.3 86.56
-29.48 -32.83
-62.96 -71.61
13.63 71.03
7.97 -31.75
-50.68 -76.14
69.83 14.23
83.83 -7.44
-67.25 74.49
-52.87 91.94
-70.83 51.32
61.85 -76.79
-51.2 80.24
-46.18 -83.44
-12.79 79.81
-85.99 -12.3
73.24 59.03
13.8 -66.95
93.88 -83.17
-93.28 20.62
68.53 9.07
63.78 34.32
-35.17 -48.5
-3.87 -61.36
41.86 -24.09
44.9 75.18
-56.23 29.35
6.33 78.26
85.28 21.13
22.63 -20.04
-22.31 -69.58
87.14 13.44
-26.4 -77.3
-70.02 83.7
-13.38 34.2
8.0 -17.0
-22.66 -57.23
34.69 83.06
55.51 97.16
27.14 91.19
-0.96 -74.44
-38.46 50.09
54.57 44.73
53.69 92.12
-4.19 -18.05
74.04 69.15
26.52 61.29
6.39 -17.2
28.7 66.78
-89.07 -11.92
62.16 -54.0
46.75 -50.85
-95.21 -56.01
-85.65 -92.16
10.01 -43.04
86.35 60.88
-13.09 -61.23
91.07 16.58
14.92 -29.83
33.97 -0.48
20.96 -63.96
98.78 20.0
-26.85 20.28
-7.66 95.56
30.2 -43.82
-22.51 80.51
42.54 -50.05
-72.38 -83.53
-75.08 15.61
-78.93 -67.46
-49.61 -90.97
49.52 -55.3
5.82 -27.8
90.92 -59.08
-77.09 39.97
-71.44 58.77
78.57 64.62
-81.42 79.89
95.87 23.75
-99.91 71.46
-30.91 79.44
41.46 -19.77
63.68 -10.85
12.57 22.65
53.15 -33.53
89.9 37.57
-94.97 41.51
-45.59 25.79
23.97 -50.18
-83.17 -2.35
41.79 47.22
37.79 4.04
15.04 -9.75
31.95 -14.58
-79.93 -15.97
66.99 23.57
3.1 7.26
15.98 -70.15
43.27 -20.35
-7.71 82.71
-51.19 -28.14
-76.12 10.51
-9.63 66.24
57.11 -29.9
79.17 54.06
96.48 9.8
95.21 38.66
58.97 80.0
75.35 95.98
-86.68 52.53
44.85 18.22
-46.66 25.84
-73.74 -43.46
2.62 69.19
-64.9 -57.57
-75.79 -6.02
-69.1 -18.94
-78.99 -51.59
-6.8 78.11
55.54 -57.87
9.72 -6.7
-30.95 52.78
-65.82 21.36
23.18 77.46
90.73 43.28
98.42 -4.96
86.58 41.73
61.54 86.07
-13.08 71.27
-74.11 8.03
-91.39 -69.31
9.63 58.3
29.74 92.24
-31.58 -17.51
60.84 28.1
86.02 -23.05
-93.79 -13.8
50.2 26.36
87.74 18.84
-89.75 -45.66
-12.9 31.14
3.12 32.94
-98.41 -13.38
-95.33 -2.34
-56.81 -66.36
71.11 -71.37
-91.9 -99.85
-37.77 95.48
54.78 -68.44
28.68 -71.38
-99.04 -95.02
-11.2 -0.97
-55.71 -75.68
59.34 16.56
-54.12 -98.71
-42.83 77.26
-68.19 -58.27
3.05 71.01
29.9 -40.0
-78.43 43.9
-45.85 45.62
84.51 79.77
84.29 -43.19
17.87 49.17
0.84 48.13
51.75 98.27
-60.92 -29.1
-6.03 -49.78
75.62 0.46
-91.28 0.4
-78.62 91.79
-41.53 -82.9
-98.26 87.77
-73.01 4.77
58.59 5.3
-92.83 -73.77
-7.78 -60.17
-82.44 -95.29
-23.43 -79.03
56.19 78.56
-78.72 71.93
90.25 96.17
-57.86 -96.86
86.87 72.88
39.45 -1.49
-21.47 -61.68
-77.0 -51.39
71.65 -84.22
68.75 -72.12
67.56 80.02
-84.14 91.89
56.32 37.81
-78.88 95.4
-32.14 -88.77
-2.85 -62.42
-86.13 -68.08
-49.95 -36.78
-69.73 49.45
-73.95 -4.38
-16.54 67.55
52.41 35.33
74.11 16.77
-37.57 -9.68
76.5 -65.06
-33.26 6.06
96.93 60.37
49.84 99.69
28.59 17.48
-69.92 85.44
57.1 80.12
-57.72 10.56
89.7 92.3
12.57 26.3
14.59 -53.56
57.46 35.13
-11.42 -8.58
82.67 -50.4
54.55 -58.62
-33.43 -39.85
-46.82 -91.17
72.04 -11.07
-36.81 -50.02
0.87 80.81
54.58 -45.59
97.09 -79.0
-50.0 -17.71
-42.97 -85.9
-22.01 -12.43
-92.11 61.17
15.11 19.25
90.36 40.05
24.9 77.12
70.58 47.94
27.9 -70.11
35.39 -26.53
