-86.01 -72.04
-31.03 -44.29
11.65 -98.54
9.76 -61.19
10.81 -77.34
81.92 15.82
37.37 53.48
69.19 -83.53
-35.04 52.43
80.22 -40.51
-8.7 -64.03
-94.86 62.11
-35.55 -60.44
-19.68 14.45
-27.82 -51.65
-98.43 -30.63
-96.04 95.74
81.17 16.5
-91.73 -16.29
63.81 -80.55
-52.01 70.09
34.8 95.67
-6.66 -22.74
74.93 35.19
-25.01 44.76
83.94 81.95
88.67 -24.87
26.67 -52.61
-26.02 10.37
60.32 43.36
-69.34 -21.0
-68.43 -82.97
89.89 -42.36
68.19 -70.52
89.34 69.91
-73.23 -11.83
97.12 -22.23
47.68 -17.56
-52.59 57.96
-44.64 24.02
67.71 26.39
39.46 17.18
-9.85 -73.43
89.88 -10.38
-16.09 -95.86
-55.72 47.24
-79.94 85.33
-19.48 -90.03
83.54 -11.27
12.52 -97.11
-75.95 -92.11
-14.96 -63.0
49.54 -34.99
-95.25 24.59
14.26 17.13
-79.69 -95.03
-64.92 34.56
-30.02 84.3
62.13 -58.24
-52.72 -64.65
-3.6 -59.24
98.51 -24.31
6.47 41.68
87.83 48.56
-22.87 -55.93
-60.52 -20.19
-81.04 -18.46
-52.51 91.91
86.28 -34.72
-77.07 65.58
32.5 26.92
72.4 32.35
48.49 -95.06
-10.15 58.71
21.82 89.06
-25.2 -40.99
-86.67 -12.94
29.25 -74.02
26.29 -8.13
81.23 45.92
-69.76 -68.41
29.15 -38.84
39.92 72.77
-33.33 5.59
56.66 -80.71
43.87 -88.28
-21.39 48.01
69.61 68.86
55.12 -79.97
58.1 -9.16
-56.14 -7.63
-53.33 -41.86
73.02 -64.6
-98.41 -61.84
-22.61 -11.78
34.67 -21.9
-99.14 -10.77
-10.61 90.91
98.47 76.28
-91.53 33.71
-16.28 -45.53
-89.31 32.93
-30.08 72.0
-55.69 -70.1
-83.02 -49.05
3.69 -81.53
25.16 -22.43
15.17 -80.78
-61.14 40.74
-82.56 95.22
-14.23 76.74
-25.35 59.87
-34.57 87.47
3.62 -82.55
-56.22 -21.54
49.28 98.91
-62.75 85.07
-12.51 -69.49
-3.44 48.96
-47.09 89.56
70.8 -21.25
-45.36 90.01
23.97 -12.18
33.05 61.71
-48.37 88.01
-72.03 -83.52
80.23 -64.53
-2.43 17.41
-77.45 -67.05
-49.82 -23.37
-77.28 3.97
-28.26 46.54
57.09 65.71
93.14 53.15
80.8 -88.61
-91.82 45.65
24.71 -90.55
79.19 35.42
-52.89 35.93
75.28 6.62
-8.18 -65.1
56.45 -5.89
-40.27 25.96
-29.17 76.2
61.3 32.26
24.0 30.08
87.23 -0.65
78.13 54.13
27.14 30.57
-39.25 79.86
71.73 91.01
-44.44 93.14
-71.34 59.85
94.91 -97.46
-13.72 -11.16
-46.35 -80.85
-38.63 82.11
-64.32 -11.25
97.15 47.1
-47.26 93.44
-41.45 96.17
52.73 45.06
-67.2 -90.26
-71.33 19.0
59.11 -21.48
80.16 53.54
68.13 91.17
-16.3 -19.91
-82.66 10.77
20.37 10.03
11.32 -33.8
96.39 8.63
32.66 48.51
-92.95 22.25
-93.58 87.42
-8.21 2.35
29.59 51.09
99.06 -56.19
-73.28 50.4
-34.18 30.27
54.45 7.03
33.95 76.28
68.02 -64.54
11.83 91.44
56.77 -24.22
-35.05 65.66
-43.99 38.07
-50.53 10.99
-35.17 -32.26
77.66 -45.58
33.75 -80.95
28.51 36.55
91.77 -17.77
13.95 -32.84
-33.3 88.89
-0.91 -98.93
-83.59 -58.69
-29.73 98.36
79.67 27.06
59.38 -63.11
58.39 19.04
84.65 -6.08
76.15 44.91
23.55 -2.74
-89.97 -49.02
-29.87 -80.09
-85.74 29.01
73.53 -61.48
-22.46 -40.04
89.8 73.69
-83.78 1.26
20.79 -19.75
79.57 -22.23
-72.55 29.76
-29.95 23.44
-44.51 -72.37
-19.97 -55.22
47.6 94.91
3.82 -79.56
-69.43 -93.62
65.11 59.82
34.69 -70.22
-73.1 37.06
35.11 -60.63
17.7 74.78
-44.14 4.48
-30.14 -63.57
97.56 -93.8
-2.23 -98.99
38.59 67.26
-63.62 27.39
-32.05 -56.8
-37.3 -38.69
89.96 31.2
-28.34 -7.66
63.83 -58.12
-70.62 -88.26
-62.7 -3.3
26.1 51.87
-14.3 38.95
32.08 -12.88
-56.58 -5.07
82.16 -78.72
50.21 13.62
-43.36 -94.09
62.08 59.68
-99.35 80.38
-59.22 99.08
49.86 33.26
-84.35 10.5
43.49 -30.79
59.71 -23.39
-83.57 66.59
94.69 -80.54
-48.54 -54.4
56.44 -12.5
