-7.78 30.76
-5.85 42.61
95.29 -49.22
12.69 -32.29
-65.07 93.81
-71.07 -71.82
19.5 -82.92
8.93 59.26
-57.89 85.56
51.27 -66.03
48.46 -12.55
58.76 95.76
-64.26 -57.94
-10.09 -62.97
-23.25 -92.51
54.68 18.07
-50.86 64.08
27.81 -85.05
25.66 -69.96
-68.43 -32.67
-93.68 -72.12
56.81 63.38
-51.72 -57.49
-67.56 51.41
-15.93 -95.2
-50.0 59.07
75.27 -94.87
47.02 -21.09
18.98 76.19
-40.32 22.34
-2.51 21.72
-63.91 -26.66
69.38 13.91
-14.39 -99.92
98.04 26.66
24.12 60.37
23.16 22.15
-47.17 -32.18
-93.63 -24.0
-52.66 -97.94
52.64 -34.03
-71.75 -61.48
-93.05 -19.58
-50.53 -13.38
-6.09 61.7
43.28 -60.73
-77.25 97.95
-12.95 -92.0
67.99 -46.25
57.05 79.38
-50.54 47.33
9.25 -34.59
-74.14 -19.57
-20.64 74.4
51.02 -60.81
4.06 96.06
-12.14 -86.51
-10.97 -18.63
-46.27 31.29
-81.82 5.18
-44.61 -17.04
-88.42 2.86
-2.72 64.26
-35.3 -93.22
14.75 13.05
37.66 57.48
-99.87 91.82
85.97 -16.24
42.32 -10.38
-65.08 -46.97
-4.65 8.81
28.28 -67.48
-74.59 57.5
-58.61 -32.22
-60.03 -90.95
-23.45 -71.32
71.37 4.11
59.33 23.42
84.36 58.87
-84.69 -64.65
-16.18 -17.64
56.39 65.68
-16.25 -42.58
-44.8 -8.99
-38.77 72.76
-93.78 -73.36
-18.84 8.38
3.45 -65.73
-18.28 -52.7
22.93 -13.71
14.03 -16.03
24.31 -67.4
-68.39 9.47
-10.86 36.73
-34.96 10.42
-61.01 65.56
79.08 -15.49
18.5 96.37
-45.61 -89.62
-38.3 67.8
22.59 78.22
84.88 -5.95
87.77 57.35
44.51 -17.98
40.3 42.11
11.34 -37.78
21.98 96.22
-88.08 -4.18
97.62 98.76
-54.6 38.98
-43.79 -83.48
-13.16 45.68
75.11 90.02
-73.54 -82.53
-99.22 98.95
59.75 -70.21
62.78 13.6
-49.52 -97.8
-14.46 -10.89
74.51 85.58
98.4 23.54
80.07 -93.85
89.55 72.35
-27.97 -42.9
-27.08 -41.8
19.8 31.81
-44.26 -51.13
-66.65 -91.02
68.66 -72.85
-41.74 78.26
41.14 82.21
-47.06 -62.6
98.61 77.03
56.48 24.95
-74.47 -93.77
-0.72 40.41
47.05 -2.6
-50.78 31.34
-39.59 -43.69
-46.55 30.17
56.18 45.97
29.84 -83.69
58.74 6.6
82.22 -7.81
-8.67 16.2
72.2 72.32
17.53 -11.98
59.57 24.58
-75.96 -19.3
1.47 -34.41
-41.69 -34.0
54.1 -80.47
36.13 82.4
-30.82 44.92
43.67 -86.29
-22.39 9.21
-66.8 -44.4
25.24 97.42
-76.92 21.52
-58.42 94.74
-39.65 12.23
45.8 -73.98
42.06 -94.67
0.69 -60.8
12.69 53.38
64.17 -73.91
-93.83 44.31
-37.48 57.8
-86.36 -51.81
-3.54 -82.17
-71.39 44.48
-77.15 93.08
-39.72 -82.06
41.07 8.76
81.44 91.66
-3.97 80.99
83.95 25.01
6.63 -35.69
66.72 -36.7
16.63 37.45
72.46 16.93
79.68 6.91
85.35 -51.7
39.27 -43.98
-68.31 4.03
24.59 48.06
29.52 -42.38
22.83 -78.75
98.09 -75.67
-25.09 -64.94
97.05 -59.22
5.43 -13.42
24.02 31.5
-66.23 -25.76
99.85 89.46
69.21 -16.31
-25.43 -75.17
98.24 33.34
62.25 -45.32
-1.18 -4.12
6.14 -80.82
94.41 5.61
47.13 33.05
-94.58 -80.49
2.49 -98.64
80.01 -71.54
-98.57 66.04
-75.72 -11.96
-32.04 55.74
71.02 -98.62
36.61 77.36
89.34 -64.39
34.24 -50.29
70.35 -66.05
-3.3 -79.2
-2.64 -67.36
-93.95 -16.85
-4.07 48.8
-20.63 -8.54
7.89 -46.99
21.74 14.15
36.52 54.18
5.44 -16.99
8.6 48.15
86.0 32.11
-74.04 -69.75
-76.94 39.12
-85.75 16.07
22.79 -30.14
-76.23 -94.65
20.92 15.41
-44.57 -75.64
-90.35 -63.31
37.98 32.33
48.67 64.96
-85.44 90.1
-15.05 -3.86
-74.79 -25.89
-23.12 -71.58
24.04 70.48
-12.27 81.04
1.35 -37.24
-14.74 -83.15
36.97 63.92
-33.84 -89.08
-48.29 56.42
12.07 58.73
-83.54 -87.08
-32.03 89.29
-58.13 -72.96
-48.52 41.4
-26.94 90.46
33.34 -83.12
-51.28 7.44
-83.54 -1.78
12.42 80.58
-74.3 27.4
-61.3 -46.45
34.23 60.26
37.98 8.61
-67.11 82.81
17.31 -98.85
98.74 -94.39
30.36 -56.32
62.36 54.66
-82.4 -92.83
-17.87 -74.92
74.49 3.39
17.01 7.79
35.18 -79.13
-79.89 5.26
0.43 63.67
74.34 6.62
85.37 -56.64
85.36 74.85
75.58 98.57
-44.28 -20.7
-25.3 64.69
-60.75 2.83
40.51 42.82
-94.85 -37.06
-17.22 -44.15
38.31 19.26
-22.15 -57.29
14.58 -65.55
90.21 33.12
39.2 -30.33
-35.77 -66.66
-33.95 11.35
20.02 -29.8
-31.22 10.49
67.66 -49.88
-93.73 -11.47
6.18 83.85
-67.96 22.13
59.81 76.68
11.18 -27.3
55.45 16.99
-45.01 -4.63
19.27 9.29
-8.75 -28.26
83.74 -69.27
10.42 85.95
-43.76 46.99
43.27 -38.84
-60.86 30.84
17.87 84.07
-29.56 -49.06
13.33 -9.18
66.11 -97.83
86.61 46.27
-25.8 -37.39
-30.02 54.29
45.14 -8.58
69.86 53.25
38.42 90.62
-68.82 6.9
36.27 90.28
-20.43 -44.78
-43.68 -46.09
-6.02 33.65
-10.35 -87.06
-69.49 -75.56
-88.84 -69.26
-21.0 25.72
-75.85 13.74
58.08 77.02
77.07 -61.42
-1.86 -61.96
24.85 13.7
-22.15 73.4
-18.66 33.5
-86.66 -62.72
19.53 -96.2
11.71 -71.92
-12.67 -28.33
87.72 -25.53
-37.33 -92.76
35.9 48.52
74.01 42.06
26.41 40.79
-80.45 -46.83
67.37 5.89
50.17 -98.47
-24.45 -11.68
-15.52 -55.84
-59.88 43.74
-96.39 -0.54
71.97 -2.97
1.83 90.17
13.0 95.9
-99.57 66.03
13.49 -61.2
66.78 5.58
38.2 91.83
-5.89 -64.55
-46.6 54.38
6.71 -90.86
86.25 60.31
91.93 -29.71
73.27 -50.18
66.4 18.77
-15.42 59.78
2.5 20.74
-17.7 -70.39
49.47 58.73
-18.11 70.47
-83.29 9.07
-27.67 -78.05
38.16 -20.17
8.46 48.69
-82.42 57.7
7.49 74.91
-17.87 47.18
65.95 -42.21
44.28 0.54
-85.81 -41.71
-98.24 -43.01
-26.2 80.52
-82.49 60.11
-75.73 77.92
-63.46 35.55
62.08 30.02
44.53 -86.64
-50.29 87.02
22.18 -56.32
-20.75 -30.31
-13.97 17.64
71.62 69.94
97.6 97.34
6.41 90.27
82.33 -28.92
69.03 91.79
-28.53 11.71
10.04 -36.01
34.33 55.79
22.69 -57.49
-15.01 56.38
-26.28 -96.03
-76.01 -23.15
-31.33 59.71
-90.26 -4.34
28.95 -12.52
19.75 -76.88
-55.76 70.37
-37.58 50.44
-29.38 -40.23
-29.44 -99.0
-33.05 18.06
-94.38 -99.27
67.47 14.61
97.37 5.98
-11.67 -84.94
-2.56 -43.16
-32.71 -93.99
74.4 31.46
-78.26 18.14
-9.58 -46.93
11.09 -55.75
47.22 95.46
64.63 78.24
-50.0 59.04
-14.49 7.61
69.28 91.68
-40.71 -85.2
-78.34 -62.07
-24.6 -68.51
-26.46 -33.11
17.02 90.08
18.63 51.83
-11.84 67.16
-16.91 -62.08
50.02 25.18
-33.88 19.8
-47.13 25.32
65.25 -33.26
-26.94 -69.67
-33.29 21.88
49.45 -73.92
17.38 42.11
-56.83 20.97
-29.78 8.52
-55.31 -11.54
-30.94 94.26
73.38 19.9
56.39 -89.59
28.45 94.69
-61.81 -39.64
-95.99 -18.11
55.44 -7.28
66.91 56.28
-23.33 -94.81
81.78 30.06
18.6 -37.48
-1.42 -89.29
-17.46 -47.65
47.25 -46.79
-68.04 75.37
-50.95 -26.06
-22.89 -1.06
14.5 -95.63
15.62 -36.97
9.95 -76.82
55.03 -39.12
48.82 10.82
-39.12 84.78
-14.0 0.31
-33.65 -41.29
66.93 85.08
78.58 -35.84
49.42 -34.52
43.14 -9.68
-70.76 -68.13
-53.22 -81.53
51.45 -50.86
76.77 -7.13
-68.35 -32.15
-56.9 90.35
-54.39 -23.78
-49.24 -82.19
16.58 66.3
-84.35 12.33
17.05 -24.36
-98.15 54.13
76.8 -87.86
-13.98 56.98
-91.43 13.81
97.04 -9.81
53.28 -44.63
-89.92 51.48
67.3 -69.19
25.76 -9.18
-28.41 49.64
-4.3 88.72
-74.28 24.08
60.18 -50.46
55.2 17.84
14.86 70.7
-27.34 16.48
96.35 29.26
56.5 -30.78
12.09 -6.79
26.38 -27.79
69.93 -25.03
-14.03 -17.71
74.11 -0.35
-73.21 -7.89
-54.97 -37.9
99.97 56.56
66.48 -35.1
-58.59 -88.2
22.35 77.59
-82.64 -54.45
-44.38 25.47
8.78 39.77
-36.68 7.08
53.53 89.4
23.47 85.58
-43.17 -24.34
13.02 -27.4
51.75 43.29
-27.77 20.47
67.33 86.32
-69.87 -61.01
-14.98 54.65
-66.39 -79.03
-68.4 51.53
-83.26 62.19
-38.58 64.83
-19.99 45.91
65.77 -87.02
67.09 10.21
67.44 -13.33
95.69 -77.91
-32.35 28.95
71.78 -86.82
-59.01 23.14
-89.49 -68.85
54.42 -99.67
-71.07 33.01
-25.47 13.83
-87.24 58.07
-91.65 50.67
-55.13 75.38
-11.23 -86.15
85.08 -56.29
75.83 -57.29
-97.56 96.72
-74.62 78.02
28.25 -62.64
-32.22 78.83
76.66 33.58
66.11 -94.94
8.18 44.56
-43.39 52.95
3.86 48.98
-81.46 -18.15
13.43 50.85
-96.78 -65.89
-39.07 39.95
-28.71 -41.49
36.99 45.89
48.37 1.44
0.15 8.2
1.64 30.32
32.13 37.03
-79.83 20.54
98.57 78.42
41.57 82.39
-40.85 -15.51
55.55 72.34
5.36 -93.66
73.81 33.71
9.1 -40.49
-60.86 -81.82
-59.8 44.6
-35.87 27.37
63.46 83.32
-17.73 68.34
-84.09 89.5
59.25 33.14
92.94 -59.86
72.09 -43.63
34.38 -13.37
29.06 85.54
-54.04 -2.2
-46.78 -32.8
-64.63 -21.58
73.33 -42.04
-3.29 -70.99
-77.88 40.03
91.5 19.58
48.68 59.33
-21.74 49.41
44.74 8.71
10.33 60.59
53.55 -19.13
22.68 80.05
-97.1 -54.02
15.93 -21.96
0.02 -57.61
77.72 72.02
72.39 -1.34
0.22 -9.62
65.68 -62.77
-21.82 31.69
38.06 35.52
76.79 -12.73
-91.61 98.15
-72.11 -48.69
19.53 -67.49
67.14 -61.5
-4.77 -25.17
23.51 -10.74
42.14 -18.11
-68.52 12.13
-69.73 57.67
33.02 -7.03
-13.06 -84.62
82.24 75.2
2.7 -56.66
-39.58 -76.55
34.17 52.78
6.23 -49.99
-1.47 31.23
17.64 -30.17
-63.36 28.64
28.63 -30.05
17.81 -17.53
-96.81 41.37
15.07 48.75
-98.47 -31.86
-13.99 80.66
51.05 -47.94
-73.34 -25.05
-69.64 -15.12
-31.38 92.09
44.8 61.08
-9.55 -28.75
35.07 25.28
30.11 35.32
90.75 -59.47
-6.49 29.29
85.51 53.56
44.51 -64.46
9.85 -35.39
86.97 -74.33
4.48 -25.23
63.32 -70.52
-5.94 30.22
15.0 31.63
-89.65 -18.99
-49.35 -86.6
-64.46 -19.67
-60.56 26.25
-49.3 39.83
35.71 45.39
-5.9 -31.02
28.92 -92.28
28.14 66.95
12.76 18.25
-87.92 4.25
-11.09 5.49
-65.17 2.38
-97.11 -24.64
-30.8 33.48
24.3 47.01
-2.78 32.37
20.28 32.45
68.18 86.77
-93.25 -37.47
-5.06 -73.14
40.53 82.31
-80.02 -33.4
22.59 -76.2
98.7 -51.28
48.83 92.89
77.02 85.73
82.04 -27.35
-25.47 89.77
-36.05 1.41
69.76 -78.31
28.96 -58.09
-61.34 -46.63
50.8 -10.04
-82.66 -17.11
-81.98 18.46
41.68 -22.38
30.12 32.04
-19.1 62.31
-76.04 92.37
-95.46 -49.92
0.51 -48.9
-13.86 -61.41
-97.51 -48.6
35.05 -89.49
-48.52 35.18
-29.93 66.22
49.77 35.48
91.58 -55.34
-76.97 42.52
93.28 42.14
-61.75 -36.48
-89.27 -35.1
-45.59 -31.36
-69.74 93.93
83.38 72.0
-7.99 -30.35
-8.17 -63.85
-45.83 -68.09
10.43 -0.07
63.31 -74.91
-75.62 55.19
89.45 -54.68
-95.93 8.41
-50.76 -4.11
99.44 30.77
-6.79 66.0
32.94 -8.31
-48.4 4.84
43.93 -6.99
-2.67 36.21
41.27 -81.18
-43.17 77.01
25.73 71.5
71.07 -25.56
-13.17 80.28
81.02 -65.97
-17.91 -74.56
-81.26 -14.5
-11.77 -74.31
49.28 -28.49
6.56 22.94
54.41 -11.52
27.5 -23.2
4.12 81.16
-61.16 -92.43
-55.83 27.12
-37.45 27.72
-99.07 83.81
35.38 -58.86
88.96 50.96
-11.44 -7.09
59.93 93.66
-53.16 -51.34
-75.35 28.26
-43.8 -57.23
0.62 75.34
-18.23 8.83
53.38 92.4
-40.07 28.54
92.34 -93.14
73.6 -33.64
-13.95 -88.37
81.21 -19.82
-87.07 -0.65
-61.34 -69.02
-25.82 -91.1
-66.77 -38.66
-75.25 -14.95
19.29 23.18
30.76 11.68
31.47 -77.65
-76.5 1.97
-5.25 -26.21
72.08 -2.15
75.04 -86.47
51.63 11.51
-57.74 -58.82
-81.91 14.52
7.2 35.17
-41.14 53.44
-25.1 -23.14
-50.19 -74.45
34.6 -63.68
60.06 59.8
-54.21 45.11
96.12 44.72
8.99 -29.02
-88.31 -81.74
99.7 24.15
-90.83 41.97
-50.54 -45.83
89.82 79.69
-99.35 66.83
-91.14 -99.67
60.57 -80.35
61.75 39.17
96.05 30.36
-5.07 7.92
86.04 -89.52
-73.83 65.8
45.31 -26.03
85.32 -22.01
-25.25 98.09
52.92 -36.97
-67.2 59.73
-38.28 -22.55
-95.02 -34.83
-6.76 -67.16
99.1 -4.77
68.12 -79.52
24.09 65.33
83.67 -43.88
-26.2 75.91
-84.05 5.55
83.55 -33.71
26.76 -83.38
70.1 -18.7
-98.24 -88.81
-33.42 -9.29
-18.73 35.51
-67.35 51.74
-3.47 39.61
-47.14 -4.2
-71.07 -40.85
-68.36 -37.71
-82.29 -2.11
-85.33 -7.97
61.33 -75.95
-42.54 10.83
-40.29 -36.34
91.79 63.24
32.06 15.74
77.64 45.48
73.98 -64.6
-56.58 8.52
-39.72 -87.76
-70.2 72.29
-95.51 -82.75
57.74 41.55
66.47 39.94
-54.3 72.85
14.62 -39.09
-5.65 -81.86
57.43 68.41
20.3 -15.11
17.44 -90.21
-44.46 -58.76
-4.68 -57.25
39.16 14.16
-32.21 -32.4
-69.23 -11.17
-64.34 -71.68
49.23 -97.48
0.84 -66.27
-84.79 -66.53
32.52 -71.83
-92.39 17.51
-68.04 49.04
-36.38 15.96
-38.23 -56.7
-72.02 80.43
0.64 72.69
58.38 -69.7
-87.09 -69.03
6.83 -36.45
-62.6 -12.16
90.15 -44.64
63.18 23.57
-21.05 -1.85
7.53 43.85
-79.61 26.81
-94.18 10.44
-37.1 -88.95
-22.72 -54.31
9.99 29.67
4.43 86.06
2.79 -65.83
-33.44 -61.25
91.0 -72.81
50.99 -62.35
62.59 75.63
86.16 -53.9
-0.35 22.7
38.72 -52.91
-72.86 5.55
48.47 77.15
-26.88 82.78
-79.77 -48.19
34.37 47.37
29.36 -18.86
-33.02 48.42
-18.04 -28.44
-91.42 -79.93
-40.64 -85.02
20.07 -75.71
18.07 65.03
-44.64 13.63
95.98 87.21
29.14 88.46
-56.87 -54.55
-75.66 -87.76
25.28 36.11
-84.79 -7.84
-65.45 51.57
-86.77 -66.32
-61.06 67.06
79.91 -45.44
42.34 84.1
-8.54 25.32
33.92 -46.94
-30.38 93.57
92.93 88.31
6.22 -75.84
-15.97 77.88
-32.27 61.4
-24.15 -83.01
-71.46 -62.57
8.89 -28.15
-1.07 14.61
-64.22 -99.49
-39.05 -47.53
-11.82 -29.23
-86.59 42.27
29.49 55.22
73.98 88.76
23.73 -65.9
40.5 -5.93
-65.76 6.79
-60.89 16.61
-12.65 -22.07
0.85 -76.31
68.97 -59.17
-69.45 -75.06
-84.39 -29.34
-2.68 -41.66
15.39 28.48
22.64 -16.59
49.44 68.94
4.22 -92.56
99.58 -0.31
-89.72 78.05
65.3 -47.71
-5.61 -57.73
-61.93 -30.71
-5.98 -80.36
-27.98 -17.04
-17.16 -61.07
24.5 96.39
48.99 -62.87
70.38 -13.78
-19.43 -76.73
87.04 -26.96
28.18 -20.55
-28.49 70.55
-22.15 43.29
-43.54 51.44
-17.87 -61.78
38.9 63.65
-12.42 42.03
-89.78 97.15
-42.28 -27.27
24.69 60.69
-76.03 91.96
-54.21 59.47
-29.34 -42.28
24.84 -69.62
81.08 -5.92
-98.45 15.78
-7.25 -95.83
40.49 -21.57
60.58 32.08
-80.68 91.95
-45.96 -41.17
-90.52 47.65
82.02 88.77
-42.61 25.25
76.04 47.69
43.49 -63.36
70.05 -12.73
43.25 -67.91
52.41 44.66
-43.88 96.88
-41.29 -45.79
-61.63 -48.6
-1.03 -17.38
61.66 -61.89
19.22 80.03
29.48 -91.78
-87.16 -7.4
12.39 54.87
-9.17 76.78
5.9 -82.71
8.8 71.28
-2.1 -34.13
-16.13 80.8
69.31 58.2
88.1 -3.2
-50.4 7.69
-73.97 92.93
-85.02 32.2
-50.02 29.56
-79.69 48.93
-47.25 2.67
-7.34 88.94
57.33 -35.58
-7.83 -28.81
81.42 9.79
-10.01 23.86
-59.71 83.04
62.14 77.1
-51.02 -7.9
-43.96 -3.34
89.22 67.41
-64.68 97.96
92.09 71.48
-93.21 -83.62
0.14 7.3
-10.91 -92.47
24.24 84.14
36.1 -8.95
88.3 16.14
55.71 81.07
-37.37 75.17
75.53 -41.34
48.13 73.62
84.7 -94.42
27.24 -57.27
-1.13 -26.57
43.23 -72.89
76.87 -46.45
-38.38 -28.0
-93.79 -7.95
-21.23 14.37
-83.62 0.09
-3.05 24.28
90.59 6.84
61.23 83.25
67.23 57.64
4.02 -55.89
-98.15 89.27
-46.48 90.71
34.79 50.94
-37.8 3.61
85.67 54.82
31.63 -45.53
94.91 14.29
-43.48 -92.58
33.44 -32.15
2.96 12.66
23.78 22.59
65.24 81.81
-12.38 -39.56
-76.54 -33.86
6.88 63.62
18.41 -24.73
42.38 -9.59
88.18 -59.63
-52.61 84.08
75.23 -45.08
-15.47 -35.53
40.73 21.33
-94.36 58.63
-77.85 75.11
54.65 0.38
-81.8 81.56
60.07 -47.29
87.36 51.81
-53.44 -46.78
6.43 40.39
61.31 -95.4
-96.49 26.73
39.93 59.6
72.23 -52.34
17.52 6.2
21.0 -83.35
-86.13 -32.22
59.34 -17.59
-63.85 21.51
31.01 -83.15
-59.51 -4.54
-80.92 -6.06
61.63 -53.55
-75.37 67.56
50.3 52.75
-78.12 -54.7
33.18 82.23
-48.87 -90.04
49.38 -52.12
54.21 -68.6
96.91 60.37
23.22 97.56
-71.01 -22.4
-80.94 50.89
-98.34 97.33
43.4 78.57
40.19 12.83
-13.65 -99.07
94.16 -60.55
-38.26 -32.72
-81.44 55.85
15.0 -27.9
25.4 -12.95
-20.9 -22.18
-81.64 65.14
70.38 63.3
57.0 -63.76
-1.87 19.56
97.44 -81.21
82.44 -30.63
-55.49 47.78
-79.67 -78.6
12.07 -74.0
76.93 68.35
-46.23 -6.4
8.2 72.18
-91.65 -38.67
-81.19 74.93
91.73 -67.17
2.78 26.08
-77.23 60.08
-30.48 -7.63
-35.47 -70.25
-5.72 38.9
-88.15 -37.38
-96.82 -33.02
-6.33 -46.96
-81.7 85.47
-83.25 31.38
-93.79 -89.57
55.43 -67.2
0.28 -6.69
66.23 -91.75
54.51 -28.97
-52.73 14.84
-1.94 -85.56
-1.79 83.74
12.58 -30.8
-49.03 -96.74
-60.75 -87.13
85.62 -1.03
-12.25 -53.57
-33.95 -67.33
65.31 -80.44
-7.5 35.1
12.2 -55.66
81.81 -64.46
86.99 -58.44
51.13 -72.6
69.48 84.2
-75.19 -44.73
88.46 -0.83
49.29 28.12
82.19 23.08
51.7 20.62
-76.75 -89.13
-77.72 28.55
-2.21 76.32
75.52 -86.72
-21.58 -7.44
-85.77 54.65
10.35 62.32
-11.24 -46.51
-66.36 32.16
47.32 24.75
95.48 48.2
-17.93 96.2
-1.62 76.5
-60.87 -31.01
-25.39 -0.11
-57.11 89.43
-33.19 -68.64
87.96 55.66
-41.08 24.31
87.38 45.37
-83.29 -49.74
-95.8 78.22
9.96 -24.1
-24.79 -74.75
79.07 44.67
86.34 -39.33
-50.83 42.78
43.92 -30.98
68.4 81.93
-40.63 53.32
-42.44 -96.75
78.65 -72.71
-39.95 -34.72
-81.05 -6.37
-17.83 -22.93
-52.12 86.07
64.32 -54.87
85.81 -75.17
42.23 99.47
-94.84 -35.83
-86.23 41.53
-98.07 23.88
57.46 94.48
-95.55 -49.85
-6.74 28.63
-72.98 32.08
-1.0 -40.5
91.06 1.49
9.99 -71.76
36.56 -7.99
-46.96 -21.58
59.38 24.05
-21.94 33.34
44.9 83.29
23.0 81.83
87.32 -10.63
-17.54 -68.38
-39.46 -63.43
-39.15 -78.57
-87.51 -20.92
-83.09 -97.59
85.86 -84.53
-62.92 -87.95
6.5 -8.33
76.12 -41.79
-22.44 -42.08
78.43 59.1
32.25 -90.31
-86.09 -64.23
57.58 -75.35
77.51 -80.27
85.68 -47.09
-43.31 88.02
-97.33 95.73
35.9 65.6
63.65 45.9
71.0 78.41
97.08 -87.98
-98.1 39.4
-4.29 21.48
98.02 9.65
-35.88 -54.86
90.89 18.72
-22.79 56.81
-73.6 68.26
11.3 12.35
49.22 -42.12
59.62 44.54
12.9 59.0
61.35 -43.57
26.66 32.96
89.18 4.88
34.12 -60.55
-7.34 0.29
21.35 -83.73
63.93 3.37
11.88 52.29
-24.65 -88.18
75.2 11.2
-84.42 14.97
42.5 -95.22
-66.33 54.3
-68.12 29.14
-98.14 59.29
-97.03 38.3
65.31 -20.72
-4.24 -32.94
-86.51 -13.73
-23.87 -96.67
-69.91 -45.6
95.34 98.61
-66.48 -91.85
-84.91 -69.32
62.84 -22.43
-24.37 -1.2
51.09 89.89
52.74 -61.02
29.77 -63.0
4.74 -36.24
32.55 16.71
99.49 97.34
87.96 61.33
-84.42 42.31
41.71 -43.41
-9.29 -97.76
-99.15 -34.04
34.62 -7.6
-44.9 -14.14
-50.86 97.44
36.09 -50.11
-39.55 -38.55
29.42 -46.96
17.94 -46.28
-76.84 -54.77
-10.83 -95.26
-99.81 -26.39
11.95 -61.34
85.02 -1.52
-32.99 86.18
68.8 1.38
45.67 -81.02
-55.57 47.69
76.46 -82.79
-85.52 21.22
-34.59 81.26
21.28 -65.58
16.58 72.39
74.33 4.42
-11.55 -57.25
17.66 7.63
68.45 -78.99
-72.5 98.38
-0.87 59.01
49.2 29.05
-53.58 -17.51
79.04 -47.24
-4.61 74.84
-93.4 70.69
-20.02 3.28
11.54 -92.29
93.99 19.05
41.37 51.45
-19.51 -35.15
55.39 63.92
30.33 -2.56
-88.94 -45.85
-61.91 1.19
29.98 -56.0
35.0 -92.25
-42.16 -31.07
73.9 -94.64
10.05 66.33
75.83 -39.88
44.24 -27.36
1.74 35.43
67.0 -48.34
-79.72 -38.65
-39.87 22.27
-94.14 38.9
64.66 -65.54
-73.49 -97.22
-95.45 -57.74
-88.26 90.8
25.66 -1.9
91.25 -1.48
63.27 87.17
-21.23 -53.12
-64.16 -74.09
-70.04 -94.36
-86.6 -8.95
-15.11 -0.38
12.21 8.31
-51.38 -93.27
1.7 87.01
36.86 -3.97
-10.69 53.77
95.95 34.62
33.63 -91.84
-3.25 17.34
12.24 -10.27
-6.09 32.33
-10.59 30.84
-50.29 -4.32
-23.62 -86.27
29.43 13.86
-83.5 -46.5
58.42 -40.31
93.78 -92.31
-12.45 -1.56
26.56 18.67
74.57 -58.81
8.15 -9.82
24.46 12.74
4.54 -46.12
-71.16 -98.25
-50.09 69.88
-79.7 -17.64
49.24 -27.71
-18.66 24.92
76.64 -25.63
33.49 78.05
63.55 65.79
39.34 69.92
49.96 -68.81
48.82 -57.19
27.44 79.92
20.43 84.87
73.81 97.33
-42.25 -88.63
62.79 46.26
-21.59 16.28
-72.42 -74.42
56.49 -59.58
99.08 -0.22
-86.35 -29.63
-89.86 -91.25
-72.63 27.8
28.03 -12.04
-47.73 -10.38
68.15 -51.87
-81.31 44.51
24.16 22.31
-31.56 57.07
9.3 -60.78
6.75 -40.99
-80.94 57.33
-8.32 23.98
10.59 -58.09
-0.3 44.23
-7.26 -74.53
-71.1 -57.69
47.53 -21.59
-25.3 -77.8
24.8 -89.24
15.42 79.45
1.31 81.75
-5.8 16.83
77.98 42.53
67.05 10.18
-28.76 51.32
-56.49 -19.65
68.68 70.64
-71.3 -66.46
-45.48 95.99
-88.85 -8.85
80.37 -35.52
27.2 86.18
-91.74 42.38
-32.4 14.67
3.88 -38.86
89.93 14.97
-4.39 -82.37
-35.16 -34.02
40.18 79.59
-20.44 98.03
79.43 -91.53
39.63 -40.04
62.98 8.53
25.68 67.17
-64.77 92.83
59.5 11.53
91.32 38.37
-90.09 -36.6
33.78 34.84
81.9 90.44
92.57 88.75
-16.06 53.86
-4.0 70.44
33.54 -5.78
-91.44 -50.21
79.1 6.95
49.62 52.47
-88.48 -96.12
87.44 53.46
63.42 -92.26
57.45 -79.62
7.55 -16.93
-79.44 -62.97
35.96 28.31
32.72 58.53
-97.01 82.11
99.03 54.27
26.18 32.25
-18.32 -29.6
-17.11 10.98
-77.25 23.89
48.17 33.78
70.47 61.19
-24.12 -93.59
67.62 14.11
-22.38 -93.44
38.69 83.68
-37.42 -78.28
-83.87 -18.22
-30.38 3.36
99.17 -63.03
-6.11 74.77
-90.04 -76.49
-23.26 89.58
-33.91 52.27
1.98 65.06
22.15 61.07
-61.06 94.41
56.35 23.75
-35.9 54.43
0.14 5.76
51.65 56.43
-96.35 -53.44
77.17 -16.71
-6.51 -70.31
-44.46 -39.67
-87.28 -48.32
-8.53 52.3
-24.55 58.75
-69.18 -84.96
34.67 -91.6
-71.43 54.28
14.66 72.85
11.95 24.11
11.8 -45.73
-67.88 -68.08
-11.39 -32.85
-33.22 54.19
-53.21 -23.67
38.84 88.41
95.08 56.18
-39.16 36.95
53.11 -0.97
-93.42 -8.04
-47.84 -45.51
42.12 -16.06
-11.17 -18.41
-13.52 -43.13
42.58 -32.21
86.74 93.02
-31.47 -49.39
1.89 42.5
46.07 -92.77
-5.73 29.05
0.85 23.05
1.23 11.99
-0.64 -21.86
-22.77 -57.74
-98.67 -33.77
64.81 41.28
46.09 58.19
-24.89 -40.09
43.57 65.75
-49.47 16.61
12.51 -51.38
76.08 -79.58
-11.0 -59.0
-62.59 79.42
3.27 94.56
68.79 34.93
59.46 8.1
90.8 63.63
83.37 -91.33
49.1 -56.2
-22.74 -44.45
-69.34 -34.46
-20.45 -19.27
73.4 -19.82
-62.59 9.2
78.96 87.31
44.19 79.8
-17.47 -70.0
51.97 59.32
47.76 78.98
-17.8 -85.09
79.06 92.7
-18.97 -41.24
-93.98 -60.34
-24.77 -76.89
-25.48 -80.17
19.16 21.45
99.69 60.13
88.09 74.32
-57.59 48.97
78.15 -62.83
41.85 -6.22
-26.33 -50.7
-55.96 54.07
36.2 73.43
38.09 -43.01
-58.75 34.14
94.97 66.98
-29.41 94.02
-91.85 -40.55
47.53 17.8
-27.36 -74.72
99.05 14.29
-72.31 -49.3
41.11 -26.37
81.76 72.47
93.71 -86.02
-90.65 -8.11
-74.32 25.48
-26.34 13.62
83.63 60.99
55.48 -56.55
30.1 73.54
11.05 -21.59
94.26 69.76
6.93 50.14
-95.64 17.78
-73.72 96.15
-68.68 -20.37
82.06 -75.73
5.15 9.59
86.4 -82.59
6.9 -49.07
76.65 -68.37
-0.43 -23.04
-96.29 68.95
-56.49 -65.08
55.28 47.79
-43.04 76.56
52.42 -62.2
95.47 -7.12
39.9 -87.86
-91.97 -61.57
-61.42 -25.35
7.51 75.97
-16.02 24.12
-14.21 67.51
76.53 -36.44
-80.51 94.35
98.37 -80.92
-51.54 40.29
-56.99 -9.16
-93.61 -67.3
-4.53 -91.37
5.22 -63.43
59.13 -65.06
9.11 -81.24
19.43 51.85
64.88 -68.7
14.48 53.17
-12.9 13.55
2.34 -7.73
88.72 32.05
60.97 42.27
80.89 59.97
6.35 49.79
-98.38 79.05
73.23 -73.57
-22.04 34.57
69.44 -75.48
-45.89 25.67
89.08 -25.98
-73.5 80.6
-74.7 -58.27
-26.75 2.37
46.07 -66.89
98.42 54.13
-38.3 77.24
-94.62 -79.02
-54.64 93.65
37.16 29.07
-74.36 93.56
41.84 -10.23
72.45 -66.06
-1.48 -33.23
36.86 50.68
33.53 65.97
-93.32 66.83
-38.46 68.41
-28.44 88.69
-20.08 8.15
-77.09 -9.17
-65.5 76.34
49.98 7.88
-8.94 48.2
54.66 6.61
-21.18 -75.27
68.8 -43.55
-54.99 -81.72
2.09 6.28
82.16 30.89
-13.19 -98.01
74.11 -49.41
-55.78 94.61
4.98 -70.77
56.53 17.36
12.45 -20.89
-47.99 54.26
66.36 31.82
-9.84 -36.97
-69.91 99.62
66.5 33.26
5.01 -44.63
67.79 -89.35
-79.38 -36.31
30.7 -44.5
54.51 89.75
-25.38 4.13
-62.74 -88.49
52.86 -74.35
-55.19 50.54
-51.09 -81.98
18.57 -76.33
-4.07 38.51
-99.92 -44.4
-69.57 35.1
30.3 -32.12
89.47 -13.51
18.47 84.61
-72.94 -15.25
-22.15 -58.7
-43.65 -46.65
70.83 -94.89
-85.47 33.15
-74.76 83.8
-60.28 -62.57
-24.7 60.81
78.84 53.46
82.79 -22.32
-60.06 37.97
-61.55 23.22
8.88 -15.74
9.2 4.12
-47.66 53.55
-79.89 -33.67
-30.62 -56.27
87.86 -91.1
-66.14 -84.15
54.11 55.18
78.64 75.78
-3.1 69.5
-80.99 91.67
74.99 -14.64
-58.04 -3.85
27.48 -63.43
-33.9 -63.56
-20.22 70.4
20.71 -12.09
80.17 -97.58
-38.0 48.17
-49.82 25.99
-86.58 58.03
-37.0 61.01
52.17 72.34
-41.41 64.59
99.9 -73.39
-60.89 -67.12
-85.06 78.27
-17.29 -23.15
-24.19 47.52
-11.29 14.58
-44.94 -57.21
45.95 -45.35
-24.06 -57.38
-42.44 63.45
-49.29 -51.53
80.09 -83.31
-82.81 43.15
-18.62 -26.07
86.76 -25.74
25.31 -69.62
-95.25 -86.87
35.04 -24.58
73.09 51.14
-79.88 -52.68
-10.13 -61.34
82.84 -40.8
6.21 45.87
40.18 1.94
58.02 -98.01
-38.48 -97.21
-88.67 -43.64
13.66 -51.95
10.94 -36.7
59.25 -18.41
59.65 -95.03
18.23 -5.71
-96.98 6.15
-27.95 86.39
42.47 -37.26
8.42 44.31
-89.45 9.11
19.98 -73.67
-72.24 51.53
81.65 -17.12
92.9 9.76
-54.08 -79.62
50.51 19.98
-54.33 -76.42
-83.41 17.69
-5.41 1.67
-84.35 66.2
20.4 65.93
89.57 -66.11
64.98 45.25
43.33 -84.88
-55.79 -22.69
-22.61 44.76
-31.71 -36.07
-16.24 79.55
-60.72 78.94
43.89 -13.98
56.89 -24.74
-27.76 19.76
86.19 -16.33
44.4 -49.47
-85.02 -5.51
82.32 -60.35
-24.65 14.61
20.36 -44.32
71.06 8.79
57.65 43.66
22.83 -90.55
5.43 16.42
-11.51 -4.36
-95.48 9.64
87.78 6.04
-28.35 -38.83
72.33 85.16
-39.51 -87.5
-60.37 -39.72
40.42 95.63
-78.04 69.3
11.32 -72.34
-90.69 90.16
62.6 7.89
37.51 37.53
-69.67 -6.11
-29.77 -33.26
-33.02 -68.21
17.33 -25.69
48.82 73.89
59.45 -41.94
-87.73 93.47
-38.0 84.04
-84.85 -61.31
16.08 -34.97
-10.55 -18.73
-4.7 -71.51
-25.69 -81.88
-58.77 75.83
-18.95 36.97
47.63 -71.8
20.92 -63.89
90.91 93.89
64.14 -6.05
47.11 -60.12
18.98 -3.95
-28.61 -15.72
33.68 -96.54
49.68 -43.2
62.31 -25.58
91.2 -60.52
50.65 31.2
68.87 81.78
71.55 13.21
74.69 11.0
13.05 93.32
-97.92 54.87
-56.05 13.37
29.3 41.13
-30.57 -53.91
-58.29 -16.0
78.93 -53.69
-80.84 -57.57
-33.12 2.83
-45.78 -19.37
-83.52 -62.21
-15.28 -89.8
40.39 34.1
-43.64 1.42
5.38 83.68
-79.1 -66.94
-30.53 -73.64
79.37 -97.5
-52.04 23.84
-40.15 31.41
45.95 -52.94
54.46 29.94
55.12 -24.22
80.85 1.39
70.93 51.66
45.32 14.01
-45.23 -25.38
48.95 -0.28
62.28 10.53
58.9 -65.29
-5.68 -99.02
-40.7 -60.95
-26.17 39.38
-35.96 12.11
-9.06 21.22
47.31 -27.07
-7.13 -90.91
67.25 -72.44
86.92 24.65
16.78 74.25
-81.11 76.69
-0.85 -79.09
87.61 71.32
73.73 -15.97
71.65 71.42
-23.37 -93.34
7.96 19.46
-72.26 -39.11
-40.8 51.92
38.88 -4.67
55.58 -22.6
-23.64 -86.82
87.36 -57.14
46.36 72.53
55.46 -3.89
92.16 65.06
86.33 75.48
-24.57 -71.24
63.75 -48.87
31.11 -2.08
-31.02 -52.76
-55.7 25.96
94.54 96.41
86.73 -83.48
41.05 -63.55
-52.89 -13.55
9.26 78.23
-91.43 -59.13
-67.16 -6.84
17.84 -70.54
30.02 27.1
78.53 -8.2
6.76 5.46
94.69 5.68
-10.62 54.39
59.64 -17.0
-31.16 40.5
-70.11 -54.33
-30.23 -80.32
-64.45 40.71
-66.93 14.69
-43.01 -11.94
66.55 -61.2
3.41 -72.94
-76.83 -84.43
64.42 66.42
-89.83 -31.17
-56.96 -11.63
73.49 39.49
4.07 -24.77
-67.08 -12.48
83.86 78.43
32.11 -76.45
-96.87 58.6
-45.82 81.04
41.47 70.29
-31.69 22.4
-28.97 -26.92
44.28 -1.17
42.65 16.67
8.64 70.22
29.7 87.43
-67.82 -0.98
-23.83 21.53
25.11 -88.36
14.21 10.38
-76.86 -53.97
-27.5 94.23
57.99 -13.17
-71.94 -70.56
-97.21 53.74
-86.08 58.29
-99.13 65.67
29.03 86.03
-0.81 -41.69
-7.4 41.64
-91.61 -72.68
-69.87 98.01
-26.36 37.75
-13.15 -29.2
-55.44 40.28
78.04 -51.15
-76.92 8.47
-18.71 -67.74
-33.86 -77.0
-86.13 -19.15
2.06 -56.06
-61.22 7.75
-65.64 38.23
45.44 81.01
7.36 14.29
-41.56 -30.66
-6.21 -90.9
-87.53 81.81
20.79 52.46
-49.29 4.88
-45.24 -62.13
35.9 -86.21
-72.61 73.18
92.86 42.35
9.71 -0.29
25.0 -29.23
-58.08 76.26
55.91 65.8
22.16 -51.99
8.29 -55.46
32.15 -56.95
11.91 -91.14
-4.0 -61.25
-50.7 -50.41
-68.51 -63.44
-88.35 -15.72
74.35 80.18
-41.57 -94.94
-35.26 -12.81
26.36 92.77
-21.12 -19.65
72.82 -46.2
74.88 -53.59
50.64 88.42
-49.39 64.55
88.63 16.44
-88.5 28.25
-74.41 80.17
-75.33 -23.2
82.09 47.51
86.15 -14.28
41.34 7.16
86.22 -1.7
64.32 43.04
96.83 61.63
-93.89 -6.9
-53.68 83.09
85.46 -55.89
-92.48 -60.78
92.83 -54.65
-57.32 14.93
-64.27 -10.54
-6.02 32.26
-72.01 49.96
97.29 -16.16
95.67 55.42
60.17 -90.91
24.45 -18.62
51.57 0.67
8.95 -66.57
74.3 -3.55
9.47 39.82
13.49 65.87
-38.57 74.19
-15.47 -55.16
10.54 62.12
-84.68 -70.2
-40.13 -82.32
28.68 -96.76
95.66 -5.29
74.38 66.78
22.61 95.22
63.12 -51.52
-54.13 -30.31
90.02 7.49
92.98 29.83
-28.02 81.53
10.27 27.65
71.52 -93.03
94.12 85.31
36.77 -79.35
-95.9 -71.08
-14.39 17.73
-96.85 99.7
73.39 -27.26
-26.54 -12.6
-76.87 2.17
-23.83 -93.69
-75.19 45.52
0.79 -2.84
-67.02 20.12
7.69 98.3
-97.5 -46.57
-87.39 20.84
-64.95 64.95
67.01 -49.19
-96.73 -82.05
-38.1 -48.64
-99.01 -4.77
-16.93 -97.18
92.01 5.61
-48.09 -7.89
-74.42 -35.25
40.02 -35.23
-60.28 -66.01
-51.83 30.64
26.03 20.73
0.81 55.3
-64.86 -53.56
-51.22 50.38
91.22 -1.03
86.52 -59.98
-97.83 -66.05
4.31 88.47
45.08 -76.17
-90.8 97.13
-10.73 -92.89
33.34 27.32
54.79 10.33
-2.89 37.79
-41.6 -83.89
-33.94 -90.48
-93.72 -80.28
-45.29 -15.05
-6.49 -13.64
39.31 35.37
-12.3 17.36
31.39 -34.55
63.59 10.76
90.59 -50.94
26.69 -28.34
-74.3 93.82
29.71 -39.93
18.94 -34.66
-25.25 49.8
81.24 55.1
60.7 -34.7
29.12 -50.26
-68.88 30.72
-81.12 63.83
82.62 94.04
-84.71 85.75
89.86 -39.19
-64.66 90.19
8.42 41.86
-16.01 31.34
10.16 85.07
-99.55 53.76
-61.84 -72.36
91.15 89.81
15.12 82.32
94.05 -81.51
-37.25 12.51
-74.64 82.72
28.34 59.01
-93.57 74.91
-50.27 28.57
4.26 -95.85
99.5 -21.73
69.63 -44.81
-22.82 40.91
-45.19 -68.52
-64.19 56.94
-4.22 -3.73
-13.59 85.02
-45.0 6.51
-46.26 -41.52
-83.44 49.56
-67.18 68.61
-28.12 -44.43
-83.59 74.59
39.86 -86.42
19.49 94.37
-0.13 -26.86
-62.76 -64.11
-40.46 43.66
12.4 45.06
51.85 -49.53
9.19 -49.05
95.91 14.64
-0.99 -83.56
39.99 -44.96
19.08 89.36
-13.26 9.64
-81.39 -13.68
81.78 59.93
97.55 -37.01
77.26 -88.88
78.34 65.6
1.54 -33.6
-1.65 -68.68
-24.83 -75.98
0.88 0.62
-38.37 -84.65
-90.19 80.17
0.09 84.74
-72.75 -3.78
42.97 -89.42
-63.57 21.99
79.19 73.22
35.09 88.64
-1.33 -39.05
34.36 -42.76
-67.11 -53.7
19.43 32.31
10.75 -93.38
1.63 -72.15
30.09 -72.34
-53.32 61.76
-21.08 -92.3
68.95 -10.49
85.08 -45.08
20.63 92.37
24.68 -26.98
-24.79 -95.64
8.8 84.94
57.39 21.91
-90.1 60.27
-58.58 86.63
-43.74 28.03
-15.39 -50.54
-55.6 -70.83
-1.47 -76.59
-55.19 -32.36
44.83 76.29
-41.09 57.3
82.44 26.65
-76.91 37.34
16.99 -37.67
89.64 70.95
-62.27 -25.05
3.19 53.54
-68.0 -13.5
30.91 55.56
60.99 -59.71
-81.19 94.76
-43.35 67.14
-90.05 83.86
68.38 -50.62
-76.91 32.09
18.01 91.84
-42.81 13.85
33.84 -45.77
-88.58 -17.48
-77.36 91.38
78.01 22.82
-15.33 85.85
13.92 -10.51
-45.05 -93.09
-72.73 -95.15
13.23 -31.25
-26.27 57.85
-56.0 60.46
39.95 21.09
-59.66 -47.27
93.26 -49.06
-55.15 -52.3
96.56 -60.29
63.23 -26.01
-4.23 -99.79
-22.77 10.66
-48.75 14.12
68.74 -96.5
46.45 -47.8
21.24 67.43
-72.9 55.81
-75.93 -54.66
88.98 25.5
-44.14 -93.09
-64.47 -90.68
46.01 -38.54
13.49 -32.47
71.4 -75.35
99.16 81.51
-75.93 19.21
-96.55 -63.57
34.16 38.17
-37.89 -6.22
89.29 70.56
-53.24 -40.83
87.88 32.01
-60.48 67.28
46.43 60.16
-17.39 22.21
-41.99 -67.73
39.3 60.04
-68.88 -11.05
79.59 -56.08
61.35 -20.73
5.5 22.2
64.55 98.86
-86.35 -4.39
56.0 97.01
-11.4 -56.1
-53.31 2.74
16.06 12.31
-42.81 -49.91
9.25 80.52
-82.78 43.11
82.85 -40.48
27.27 -75.94
12.43 15.83
36.01 -23.91
-17.42 17.06
72.37 6.44
-21.17 -92.95
86.75 -75.11
16.96 -59.78
34.81 -38.29
41.48 61.19
0.65 6.16
-41.13 42.67
-37.92 43.68
-64.28 -95.01
71.06 -23.43
-93.12 -41.34
-38.67 -24.9
48.35 82.75
-8.19 -65.1
-47.39 -63.34
0.82 -35.6
1.5 33.6
28.72 66.86
42.22 79.41
-83.62 82.81
93.12 -89.52
-92.09 57.49
-37.06 -42.17
-34.83 41.36
-27.54 59.85
49.61 -78.88
-93.57 54.94
-1.47 -10.84
-85.13 60.3
-30.09 -17.82
77.47 20.91
11.54 -71.76
49.27 -43.23
96.41 -43.03
71.15 -40.19
34.63 -55.01
75.8 -25.7
77.94 13.08
-40.65 -51.41
53.78 -45.43
6.87 -75.63
38.97 67.69
71.83 98.41
-35.83 -28.57
-40.74 -37.77
67.51 -68.14
19.26 84.78
98.37 20.09
39.95 0.15
37.68 3.92
-67.32 -91.38
62.74 -25.73
51.12 98.18
56.62 30.18
-41.75 0.33
-6.17 63.97
22.37 -69.32
48.44 -91.49
14.46 -34.8
-12.47 -93.75
16.44 -92.05
-82.39 -15.09
-67.52 -3.07
-21.71 -24.67
25.7 91.09
44.15 -96.97
9.45 29.66
-59.91 20.66
-95.15 72.2
31.4 -10.26
77.51 -75.8
-60.94 -15.04
11.26 -55.9
-15.28 97.1
26.47 -0.45
90.6 81.58
44.09 57.77
87.74 8.26
22.72 55.13
5.0 3.68
-71.38 -33.28
36.74 75.51
73.37 -76.67
-80.92 37.39
11.79 -74.11
-78.78 -8.26
63.98 -65.6
62.29 69.24
-53.32 55.97
-87.71 -41.98
-47.63 67.45
58.7 -67.02
19.78 38.26
86.57 36.45
71.36 27.82
-77.83 -32.15
58.62 31.73
96.71 69.2
-52.94 -68.13
-36.62 35.86
-32.24 53.58
19.15 -23.9
-14.69 -82.14
-16.16 81.7
40.89 -36.4
87.91 73.64
87.85 -78.97
-39.87 -87.55
-69.22 -38.77
6.36 -52.45
-74.2 -11.08
71.91 32.25
99.27 -93.82
40.14 90.14
87.33 -8.55
-59.71 -25.7
80.26 71.19
53.99 -66.05
-56.15 -74.42
-92.97 -54.02
85.04 -82.65
-82.87 -20.77
-27.61 -91.39
80.29 -86.54
-21.62 93.99
-63.91 -21.36
7.3 88.89
-40.33 -60.59
94.38 94.41
-96.86 -0.11
11.9 -86.35
10.22 21.04
-95.62 45.18
-47.46 -79.93
21.58 37.9
80.9 54.46
-50.32 -67.93
-67.55 73.58
51.44 -94.37
-59.47 -58.97
26.13 6.16
-19.1 74.34
74.01 15.47
-26.75 -43.21
-67.39 20.78
-27.21 -18.93
-91.68 92.32
-9.27 66.94
-73.13 -51.93
94.04 80.25
96.91 -2.09
81.4 -84.59
90.42 99.83
75.23 50.66
-46.75 21.62
97.69 86.2
-11.95 18.09
-56.32 -71.03
96.72 -15.26
-67.75 -94.13
28.45 -75.02
-75.32 12.18
62.33 -66.05
-30.76 -69.7
-48.93 31.76
86.16 -27.88
-42.05 -10.96
-52.24 42.84
3.12 57.65
-4.62 4.15
97.3 1.45
-72.34 -57.86
86.53 18.66
-10.88 32.18
31.09 -23.07
99.23 50.1
41.93 6.25
84.07 80.23
-82.73 -31.02
50.94 47.89
31.12 -15.66
64.45 39.32
-7.88 -32.15
-31.59 -91.57
91.05 55.78
-65.86 -8.56
14.3 2.25
13.06 40.19
21.13 -75.93
28.92 62.54
-40.97 12.53
51.26 -89.34
-98.16 46.13
72.88 -23.25
-7.86 2.29
32.7 -12.15
96.36 -53.62
-60.09 49.44
-21.86 -60.95
-37.82 58.1
-80.72 0.41
-32.33 -36.04
-74.44 71.01
47.42 28.59
11.33 -88.31
-30.96 -45.63
66.88 -88.32
-93.27 -41.07
61.14 -79.1
-56.23 -39.77
91.01 -83.44
-91.98 77.17
-13.46 -86.75
-91.36 -89.49
-38.71 -71.97
-79.13 -23.86
28.09 -51.68
92.64 -64.37
46.83 16.15
-79.99 50.07
-71.79 60.94
-27.79 68.58
-24.57 -75.19
85.7 -57.5
-70.52 50.51
-85.8 45.77
-88.73 36.94
-68.05 37.3
33.64 7.01
-19.1 2.56
86.79 45.87
77.51 -68.72
0.16 -57.69
-88.14 77.86
62.82 22.34
-24.89 82.69
-85.97 0.36
86.84 -23.17
-9.9 46.22
-29.0 -15.42
-88.09 -32.05
-97.9 79.93
-74.72 -49.66
28.25 -64.2
-97.04 97.25
96.74 -33.31
-62.12 -4.52
99.76 -92.18
-66.12 -73.08
82.95 28.72
-66.44 96.82
-37.0 -26.02
2.51 -56.54
-89.71 29.96
44.77 -39.36
-40.43 -60.57
-30.49 90.42
20.64 -52.47
-46.08 -32.57
-97.9 91.63
97.12 -45.56
83.86 -74.95
31.24 68.52
11.23 45.36
30.36 46.46
40.39 75.39
33.89 90.71
10.27 48.98
44.73 -87.15
66.41 -82.09
85.04 -79.41
98.17 -44.52
20.46 18.44
-75.19 -72.47
98.46 -68.9
55.18 -75.9
58.38 89.6
-98.0 -39.7
37.69 -11.66
12.76 65.45
86.3 -15.9
-21.62 76.62
-95.19 65.51
-90.41 94.04
8.76 74.85
-16.73 -88.7
69.61 16.41
3.01 16.69
-87.35 77.55
44.39 -69.85
86.94 15.05
-92.58 89.78
-34.9 -3.55
1.77 97.24
14.8 -20.33
50.11 46.17
37.43 27.64
47.93 -25.82
90.31 -2.76
85.94 -90.43
87.78 2.38
-40.3 70.06
28.11 58.36
42.0 -87.5
-69.94 -52.89
-88.81 11.51
-93.42 36.2
-86.65 -65.83
58.0 7.14
30.21 58.13
-88.61 -0.75
74.07 7.74
49.91 36.74
-59.83 7.43
-1.36 74.5
50.34 -33.37
48.17 -48.82
66.57 97.78
-72.21 -49.77
-10.41 72.44
4.7 66.72
-14.48 60.78
76.16 -80.94
-18.36 8.01
51.28 65.73
-67.94 -65.2
-28.93 0.0
70.18 38.09
-92.46 23.94
-61.05 -31.31
-53.11 42.08
16.5 -96.69
-78.95 -70.39
-71.32 -78.96
82.36 53.67
-87.44 70.88
46.99 -58.11
62.11 -78.21
-28.63 -61.34
-17.27 -30.66
39.12 -10.2
-85.0 -2.56
-91.84 -43.09
-71.13 45.55
-56.92 10.52
-72.6 -22.0
-81.7 1.51
-10.88 -99.55
3.24 17.18
-90.25 -80.73
43.57 -56.84
-48.36 -94.58
51.94 -62.73
-93.23 -55.89
12.83 -24.89
-97.47 -29.48
1.18 -6.06
31.86 85.43
24.04 65.23
66.0 -73.32
45.88 42.99
-11.62 74.32
35.77 69.54
-96.86 53.75
66.34 22.25
-3.69 -25.85
25.9 -70.96
-54.86 10.01
34.68 39.88
34.61 37.16
-22.98 98.11
-34.34 -18.48
65.35 -80.18
5.63 -15.0
-4.11 -86.84
-54.89 23.51
30.88 50.47
56.06 -10.37
56.85 -9.27
30.77 -19.47
71.72 -53.55
3.89 -8.79
-36.07 -94.76
-36.08 -86.97
-22.37 -74.51
93.33 44.57
-90.87 -74.41
66.06 38.52
50.02 59.5
-28.34 24.78
82.28 22.05
76.53 -1.6
5.35 42.11
66.5 65.57
98.75 -44.65
-22.74 59.27
46.95 81.45
49.47 -74.19
-58.56 -91.14
41.51 33.41
77.29 43.36
67.54 37.84
-59.55 43.17
-56.82 3.31
-48.97 -29.49
22.2 35.01
67.44 -16.92
-12.27 54.85
74.09 82.75
-61.38 84.82
-16.97 34.06
-39.24 30.08
-37.46 -3.76
1.09 38.97
-83.06 76.68
79.8 47.82
86.7 -37.12
22.04 -32.22
85.95 92.02
-23.99 -25.5
39.38 99.71
61.82 44.75
7.8 6.82
29.52 -4.07
-89.32 13.0
95.48 12.99
-60.52 1.36
5.36 -25.31
-42.09 53.01
27.51 19.88
-80.27 -0.25
46.67 64.01
-50.78 8.96
67.57 -11.39
78.83 -40.89
-64.83 98.41
57.98 -49.08
97.11 -4.99
-59.32 -92.55
34.06 96.9
53.22 65.66
-69.05 -32.94
48.74 -86.08
-43.82 3.41
-17.42 34.87
17.24 -2.29
27.24 99.8
-63.37 -93.85
-33.08 -6.16
-75.88 37.4
-92.26 88.85
-57.79 50.94
81.69 -50.9
-81.05 62.06
53.49 20.43
-10.14 46.14
51.09 -46.12
-99.78 -31.89
-39.64 54.33
97.77 72.78
25.56 -68.92
43.92 -31.25
-51.1 -83.72
62.13 -33.15
44.21 4.92
25.47 45.93
-71.87 -33.27
36.44 -8.23
-24.11 -6.54
-30.49 -54.76
52.43 97.22
-3.04 76.29
8.25 -36.25
58.86 -33.76
-29.64 -36.64
-50.92 -68.8
-93.0 -56.36
83.1 -51.77
53.58 46.36
56.31 -37.92
27.75 43.08
-58.24 29.24
-30.78 87.28
-31.13 57.48
19.02 37.22
81.56 -99.73
96.41 -66.73
99.32 1.26
-14.42 -17.66
-27.93 72.53
64.05 -52.06
-39.68 -58.66
-14.03 42.03
-36.88 10.44
-30.7 -92.27
51.18 25.71
-39.82 49.19
-2.15 -42.75
92.71 -79.77
-43.0 -81.79
-89.47 70.9
69.39 48.63
-19.94 -49.68
-98.69 -46.65
3.71 9.5
84.58 67.12
-34.16 95.4
5.43 -23.05
58.29 93.72
-46.22 -88.06
-93.9 -47.24
67.71 -50.72
-50.7 34.35
-32.85 4.58
-67.82 8.17
-38.12 -37.71
-69.31 -96.54
-70.52 90.51
-88.37 -43.76
92.44 6.05
-96.67 -15.68
87.66 -20.93
-34.02 -34.04
-16.49 -61.22
26.86 2.0
60.48 8.75
-76.4 -29.53
61.67 -38.17
31.14 9.01
-4.0 -15.2
-20.04 -0.81
70.99 -89.65
-43.28 22.45
-9.57 -58.31
-81.23 32.9
67.78 -65.91
77.45 -65.37
5.91 -6.29
-88.37 -29.29
92.15 64.03
83.53 25.22
34.34 -34.03
-11.62 7.81
23.86 -60.97
-48.42 -67.21
76.33 90.08
23.82 -21.55
-62.11 -48.24
18.16 58.56
-5.15 87.76
9.59 -39.45
53.96 35.88
-1.63 -3.84
-70.5 98.04
-55.11 31.72
40.65 76.46
37.61 -65.91
-19.65 4.0
-59.52 5.12
51.47 -14.1
62.31 69.51
-91.37 -40.6
43.13 -8.47
1.14 47.0
61.5 -69.03
27.48 -2.38
-1.6 -47.28
15.14 71.79
-37.46 -10.06
8.68 65.28
-79.54 78.45
-1.91 80.41
-40.93 41.51
10.12 -97.55
54.23 62.01
42.01 -63.86
-53.04 -81.54
-84.17 -20.71
-54.98 -1.65
-96.46 -88.86
-69.3 -17.67
-5.23 46.34
-35.84 -25.46
-61.24 -75.87
-41.02 -87.81
39.24 -31.08
-39.18 -66.15
13.4 13.35
-68.49 47.32
24.06 0.74
40.55 49.29
94.71 42.89
35.57 -66.58
48.29 -52.86
-62.46 -8.24
-56.78 -19.99
-79.05 60.93
52.17 19.9
-43.45 -45.51
79.95 -83.21
43.86 89.96
99.6 -70.0
-10.75 16.0
-34.69 -49.73
68.34 37.5
29.55 82.85
77.83 -81.73
75.77 42.77
-52.0 63.76
-18.93 56.16
16.5 -39.47
94.37 -50.58
23.28 11.19
-35.32 -73.97
47.49 -44.58
-51.78 -65.55
93.64 -74.97
11.42 -20.72
12.51 7.13
0.25 24.27
-3.15 -44.88
87.38 28.94
95.58 69.87
-51.34 83.91
23.55 -88.57
-40.56 41.98
5.29 81.86
-14.91 35.15
-94.99 -80.59
29.67 -30.85
-58.1 98.14
43.41 -47.21
18.23 -32.38
-73.77 33.23
-12.01 -14.19
32.84 -79.66
-63.98 -74.46
-14.44 -86.8
-18.35 -3.19
-39.6 39.5
44.51 0.8
26.82 -20.57
-13.01 96.79
68.43 -29.56
79.07 70.65
81.62 -46.41
50.1 6.32
4.37 38.78
-82.45 30.4
48.86 91.34
-3.59 -94.09
54.09 16.71
-47.54 -70.83
20.18 -0.87
-13.39 -77.89
-15.77 -1.26
16.33 -29.22
68.92 -61.48
-53.46 -27.54
-42.31 63.87
60.73 -69.37
0.99 -69.98
36.45 -49.53
41.46 -21.33
99.17 6.03
36.32 10.1
23.84 98.13
26.88 -5.6
-5.94 -53.71
-56.18 93.01
-89.91 65.51
-53.25 -38.95
47.58 -25.38
-60.83 84.92
5.5 -10.97
28.57 58.3
-91.03 -73.79
90.79 -88.54
-45.42 96.21
-19.79 -17.67
85.04 76.07
64.69 9.21
36.28 8.84
63.57 14.93
90.08 -86.75
-21.11 -32.74
-56.32 -21.58
11.62 26.54
-6.61 6.8
63.03 -93.83
69.35 -68.98
37.0 88.07
-57.52 92.91
36.42 33.49
-37.14 53.57
-48.56 5.33
87.62 -4.31
93.68 33.85
-67.47 56.45
-53.01 12.1
42.78 10.14
41.18 -20.61
-36.09 -14.2
-66.64 88.82
86.46 -21.45
-64.96 65.36
-66.47 33.19
73.91 -17.14
69.69 -60.23
-16.88 -11.95
-74.11 64.03
-14.83 -79.81
26.22 15.88
44.53 -87.62
-81.12 -47.69
-72.05 98.27
66.47 -70.83
80.32 -20.81
-56.36 89.37
-19.17 6.25
67.76 15.83
-54.92 45.61
37.71 48.01
99.82 65.2
6.03 32.72
64.08 -6.21
67.38 28.7
58.07 -87.74
73.97 -59.24
46.66 67.5
70.43 13.24
83.53 57.94
8.36 -61.27
4.48 15.36
-28.05 -90.5
-15.69 -9.53
-59.51 -57.21
-97.27 -34.04
39.53 67.69
23.15 -64.95
11.54 -47.82
-24.86 17.9
-89.33 36.2
39.03 82.43
17.78 63.44
-71.87 53.04
80.31 46.83
-38.99 86.06
92.29 -3.33
26.97 43.64
-82.49 -44.6
43.21 -54.08
-36.07 57.42
53.34 -5.33
-9.83 38.83
-27.75 -85.57
-87.99 -96.13
-49.4 3.35
-64.95 23.07
90.68 -75.73
43.33 -60.47
29.26 23.09
-23.64 -56.44
46.35 -93.17
62.07 12.75
66.6 -17.88
-95.03 -77.11
41.94 -12.36
-43.14 -10.8
-29.85 -15.06
2.36 59.89
-71.35 -3.6
-8.61 -46.99
57.31 -75.75
-89.9 90.53
-45.6 -34.17
65.01 67.5
-24.19 -10.28
-99.04 -11.06
90.44 -54.83
-82.35 -79.13
-84.49 69.35
96.66 87.13
55.95 24.85
4.58 32.0
68.97 89.9
64.22 88.04
69.17 -46.16
30.28 29.89
-95.36 9.64
-0.27 -65.03
62.45 -81.6
24.31 9.78
-2.94 -14.95
72.32 6.92
83.31 -29.75
21.1 -95.49
45.14 65.49
70.57 -30.28
-66.36 8.6
-5.38 1.02
2.98 -0.32
23.56 -99.76
-26.95 68.67
65.47 -6.6
89.05 4.11
-8.09 -84.82
-65.89 68.64
53.94 -94.0
40.8 34.61
95.3 -92.89
38.32 -44.14
-98.28 -13.83
8.25 36.63
5.58 -4.86
-69.96 45.75
-51.09 -55.85
14.97 39.9
-30.94 94.1
75.27 79.77
-25.44 -44.13
-19.96 -56.33
70.1 47.22
-18.92 97.76
-57.51 66.48
-40.67 -8.34
5.81 16.13
3.27 -13.0
-23.48 75.29
83.17 56.35
-3.51 -96.01
-48.64 -78.89
-69.97 4.69
-67.0 -38.87
-59.64 -78.32
-45.97 -70.64
55.19 -74.62
-13.92 86.07
46.63 46.66
65.43 -90.15
7.83 72.5
5.73 54.79
6.36 -4.89
-94.92 -16.69
25.27 41.7
92.32 13.21
81.34 20.23
-47.41 24.53
43.29 72.28
-94.24 36.54
-57.71 -30.6
-56.52 81.42
93.75 0.24
-58.58 4.14
-61.71 -79.13
-98.45 11.46
41.08 42.89
-62.39 88.23
-19.8 98.36
-3.82 51.51
-77.15 89.14
-39.66 -98.32
52.25 -0.82
71.86 -16.08
-26.83 -20.02
-14.28 16.41
79.07 93.03
-94.41 -65.43
25.6 -8.34
-41.99 -83.31
34.57 64.18
-38.83 74.9
12.32 -72.0
39.98 41.14
54.03 -94.95
53.75 67.66
-62.05 -5.32
-42.67 -52.14
19.65 63.31
96.05 -19.84
-70.85 60.34
85.14 -8.02
-43.05 -61.91
74.65 -91.84
75.03 -27.17
-0.18 -63.35
-87.42 52.23
34.14 89.3
-84.75 44.12
38.53 -62.6
63.46 34.16
97.86 -54.33
38.51 47.4
80.94 -0.75
50.03 -57.79
37.89 -65.38
12.45 73.02
87.86 73.27
19.16 28.57
36.85 -93.07
-87.19 -65.33
6.33 -74.54
-15.97 90.4
61.84 -24.19
81.43 85.33
-59.01 -5.82
1.48 63.64
-27.42 61.8
18.4 38.33
67.37 -19.45
-31.54 -43.81
-93.9 -86.14
-69.19 -43.0
39.77 82.16
-13.0 -3.79
-14.29 -82.07
-84.21 -77.95
44.75 -45.36
-26.38 45.76
45.54 -48.93
-64.76 -93.17
6.26 -60.64
-29.01 40.84
-66.04 -99.8
-13.8 -11.78
50.05 92.19
14.82 -29.64
-5.3 3.38
0.41 77.62
-15.59 2.26
-36.43 -83.3
31.22 -51.98
-2.08 -57.28
63.89 49.47
1.47 31.62
-98.74 25.71
-65.62 41.41
96.0 -54.11
46.47 -15.8
-42.91 -95.61
-88.58 44.65
-54.73 -54.59
88.32 53.58
-65.04 69.05
-2.62 -13.92
-98.73 3.44
71.02 -31.56
62.69 11.36
47.85 30.34
68.62 68.46
-78.15 62.56
-73.52 48.5
79.39 -5.5
-24.71 -8.28
26.02 78.87
-56.99 -34.04
-96.47 -35.1
-0.47 -47.4
57.69 91.41
-86.34 -39.59
-72.75 28.75
-63.3 -5.42
-33.93 25.94
-39.32 46.96
75.08 78.03
98.83 -70.77
-9.05 72.39
-67.25 4.69
-94.99 1.53
64.1 -81.54
86.03 14.46
82.77 -72.63
40.48 25.12
5.16 -30.93
79.48 58.84
-39.43 3.0
-36.2 18.79
60.85 57.34
-33.42 2.02
-31.96 23.14
72.73 -81.94
29.63 -88.13
86.95 38.4
89.13 28.25
58.96 57.42
78.1 14.34
-3.62 -97.29
89.88 50.62
-34.64 49.55
18.88 -57.34
-87.36 85.93
64.31 71.55
-42.76 -42.81
-74.14 -28.79
-65.53 -21.38
90.8 97.16
27.74 -95.49
-4.12 57.33
29.17 61.07
-0.34 18.65
-40.29 -94.61
-4.02 -51.96
0.94 30.12
-55.43 82.47
-75.93 -5.21
20.74 28.62
55.54 69.77
36.75 -42.86
-30.73 -26.87
-1.05 22.8
-23.22 8.68
6.46 25.61
-71.0 41.42
5.74 24.47
22.43 -65.62
17.31 48.71
-49.8 79.99
76.66 16.18
-54.46 59.4
94.51 -97.65
18.94 -55.31
-98.17 28.49
-85.98 -85.93
-39.65 -6.55
83.01 -69.82
46.8 -53.39
44.31 83.91
29.63 43.5
17.72 -20.64
86.88 -57.61
-23.16 -21.75
-92.44 -33.66
-19.72 -29.05
88.6 -26.62
93.14 -57.6
-76.6 20.58
50.65 31.92
-79.64 -64.99
94.09 69.39
-65.83 15.1
90.68 98.18
40.59 -1.41
18.53 -8.84
98.88 68.12
-29.16 -67.29
30.67 17.87
-60.24 72.66
-46.33 -58.72
-72.17 87.97
-8.5 11.09
94.99 -78.75
-98.84 -27.16
-21.21 95.41
-4.06 57.81
-63.48 43.07
40.78 -3.53
-73.27 67.32
-95.94 -18.31
-56.38 -59.27
-32.64 -30.98
-76.5 -49.3
-96.95 61.78
-49.83 -78.35
17.31 47.05
-9.9 14.3
-41.08 82.26
-93.85 43.61
77.28 -90.53
8.23 -65.56
-29.43 -70.54
12.65 -32.41
91.27 -85.38
-93.8 30.79
4.41 -49.44
38.76 44.76
7.45 -76.75
87.57 90.59
-24.26 -12.21
-53.85 -47.26
65.68 -67.9
-1.7 -9.38
16.3 0.51
16.2 -32.05
64.73 -5.24
-24.5 -31.19
-13.62 -82.89
24.43 -22.89
19.57 63.94
-15.88 -91.83
-43.29 -35.02
80.38 64.27
18.84 -39.73
-65.7 -83.99
-79.03 -18.99
-40.86 18.27
67.5 60.3
-18.12 88.65
-33.53 74.28
41.36 -69.56
99.45 -0.15
-39.3 -19.71
-40.34 -92.85
96.48 -73.35
7.25 21.85
-30.0 51.74
-41.07 -44.46
50.22 -81.92
51.32 -82.32
-78.82 -94.72
71.75 94.92
-30.97 6.15
14.64 28.14
8.64 -67.0
95.44 82.84
1.71 -6.15
-50.54 47.07
-21.1 2.93
13.51 24.21
38.23 79.88
-29.13 79.77
-57.14 92.53
91.61 44.02
9.73 77.49
63.62 -46.28
-20.42 4.77
-12.02 16.89
28.4 -7.2
-61.26 -42.53
8.76 19.52
-55.95 -53.43
-93.78 64.92
-96.18 -8.03
47.19 -72.38
62.43 35.89
-24.65 17.33
4.61 -53.33
49.27 -48.15
-45.68 -97.92
-13.68 74.26
-11.39 7.82
-8.67 63.28
-86.32 -74.45
-17.73 -55.77
62.5 -69.33
-2.18 -86.77
-22.94 -26.14
76.4 -2.58
-36.38 5.72
3.81 61.76
-67.07 -64.99
26.55 99.24
-55.5 -95.73
-61.02 -12.51
-52.14 -8.82
-91.31 97.8
15.31 66.75
30.33 48.94
81.66 -18.47
-80.74 -65.66
-86.19 78.38
-90.62 -95.83
-46.28 -61.02
20.61 -38.46
91.2 -52.62
-1.89 61.03
-1.9 11.52
52.03 8.82
26.88 -60.08
44.11 -64.19
-86.64 -15.24
80.36 52.1
33.59 -19.37
-37.69 -23.93
-1.61 -58.87
-59.79 43.66
18.96 74.32
-16.39 -87.45
-90.84 -92.01
39.72 -36.14
-76.68 92.87
-90.09 26.09
3.07 20.59
-62.6 87.16
91.17 32.26
-92.14 -20.66
2.74 27.91
-37.11 57.12
81.47 -16.03
90.55 -68.04
-7.87 19.55
-19.24 21.39
88.8 50.57
49.86 84.46
-72.37 -32.08
96.54 71.19
-21.38 15.65
-22.49 -5.28
14.57 39.75
5.78 -54.26
-31.55 -25.35
34.64 51.87
-57.0 88.14
72.01 17.64
23.97 -73.76
49.93 74.64
-14.08 -32.36
69.73 -49.92
99.1 12.48
-89.3 -56.26
-74.55 -37.33
-0.63 -37.28
65.07 -89.04
69.71 64.83
90.53 -40.21
-9.77 75.92
-64.36 -84.39
48.51 62.74
-14.04 -62.38
84.3 -40.03
45.42 87.4
38.47 -6.54
-71.98 17.79
-26.41 88.51
-35.7 80.47
-19.37 17.0
-24.94 87.62
67.17 70.2
86.24 -89.96
1.9 -73.25
70.81 -64.12
-81.13 -81.11
20.18 54.06
97.53 -87.36
-55.79 -36.94
-97.17 13.55
35.31 -19.66
77.0 -19.41
-40.11 82.05
-97.71 81.99
-97.02 -83.05
-62.45 78.36
-83.8 42.1
-79.69 -41.24
-65.97 -92.02
34.75 64.56
-78.13 65.92
26.28 51.75
15.5 -19.89
40.29 -71.88
-40.98 22.69
85.9 38.11
35.6 -79.44
-77.36 34.51
42.92 -36.28
-56.28 7.33
-19.55 -10.79
-35.55 54.5
85.43 -82.01
-67.42 33.55
-51.73 -95.52
28.9 -77.48
-25.05 44.93
42.54 20.7
-14.22 -72.36
-17.02 -49.26
-12.46 -54.49
24.91 36.28
-88.37 -31.63
-14.71 49.67
-34.63 20.33
-14.59 83.13
-31.06 -53.52
97.97 56.13
-70.0 -2.11
67.2 -80.99
54.94 -81.53
-41.83 -16.54
-92.0 -89.35
86.42 -90.22
-89.69 -83.45
33.9 -4.5
-51.32 -12.13
-90.73 -33.1
13.26 -30.79
40.2 -51.3
77.63 -10.83
3.99 -19.59
38.4 -43.53
36.6 4.68
59.88 79.18
-77.14 67.43
-20.1 -57.07
-0.66 19.36
54.01 63.64
26.43 -70.43
-91.6 58.77
88.97 -46.19
98.28 -27.18
-77.09 -46.3
-89.44 -70.07
61.86 -83.54
-43.95 -81.82
-48.91 -79.24
39.62 30.32
-49.61 -53.76
-73.16 89.74
-31.28 4.5
-53.88 -72.5
85.87 -35.17
87.64 -18.17
14.75 31.76
-37.07 96.48
67.08 92.79
77.56 12.73
-90.02 -83.92
98.04 61.45
-60.25 10.67
-94.69 6.95
-76.54 -33.82
21.92 -58.74
43.88 -62.86
41.33 -54.26
85.59 -55.56
-8.94 -69.05
-30.52 -38.91
0.75 21.64
-81.92 -94.11
-55.89 -12.66
-39.03 17.18
3.6 18.26
8.47 -54.7
93.81 53.1
13.62 90.72
61.05 -11.93
-70.61 96.68
-59.52 -61.54
70.53 20.81
33.48 -68.65
-45.34 -82.42
-9.23 -37.24
-80.03 40.67
-34.03 3.19
12.53 2.33
65.11 33.79
-42.14 -65.79
87.43 99.65
67.26 96.55
91.68 -61.24
84.64 -40.17
79.62 37.2
80.68 -25.72
9.0 45.37
15.51 0.31
32.39 73.17
27.59 -97.16
-49.07 -67.97
25.58 -7.0
58.59 2.5
-72.05 -73.04
13.78 -26.46
-19.68 30.89
16.12 50.03
-32.63 -18.77
89.55 -42.25
-20.63 74.75
-47.82 -62.24
92.6 39.52
-11.99 33.0
72.08 40.6
-10.46 -18.27
-32.34 -79.0
35.24 -58.09
58.95 30.03
-78.49 32.53
30.3 -6.3
77.66 -6.54
-77.95 92.75
-3.2 53.32
-39.49 -72.89
-27.3 95.45
95.12 -0.93
1.04 -93.79
-51.76 -19.86
-49.54 -99.29
-16.8 15.73
18.3 69.9
86.4 -96.55
-61.53 -5.24
-76.61 -11.22
54.26 -75.97
-40.75 96.93
44.5 48.75
-52.48 56.7
-10.46 78.31
-91.75 -66.1
-65.44 47.1
77.38 -41.24
-95.95 -7.75
-9.99 -18.05
-58.09 24.56
17.21 47.55
50.28 82.91
85.3 33.43
-6.13 -7.79
-15.43 55.77
25.83 -11.86
88.24 -93.29
16.58 -96.26
-13.88 -94.34
-20.5 28.8
-30.54 79.23
-34.22 -3.16
94.11 -40.68
54.44 44.5
96.18 -55.54
-89.57 -13.32
46.77 64.83
54.08 -49.5
26.82 -16.29
42.15 -83.71
82.32 -80.82
-94.91 -70.85
43.45 -82.78
-75.95 -72.84
-76.11 -60.94
-75.27 -30.27
-64.71 43.85
-15.53 -13.32
40.4 96.25
-39.54 -42.65
-6.44 -31.41
-72.92 -95.59
-20.21 53.43
-81.77 -27.92
-99.5 -22.13
48.28 13.91
25.55 78.68
80.74 -85.64
-96.82 59.93
-4.11 -91.8
-53.24 98.73
36.38 -9.71
87.23 77.01
76.38 67.56
-78.59 8.55
6.9 -18.97
-25.47 51.63
22.15 37.73
42.55 -0.57
12.57 66.24
47.41 70.16
-59.55 62.29
60.62 8.11
-84.46 -25.59
-28.59 -82.16
98.04 77.21
-58.54 -74.99
90.86 2.66
33.07 -43.44
-64.15 6.75
-65.09 -12.64
-54.52 -3.98
50.94 -59.67
-52.86 40.13
-10.01 57.01
-76.34 98.46
70.06 2.07
36.95 -25.71
-50.37 -30.53
-66.1 -37.45
13.46 -23.03
40.27 9.26
98.63 0.24
-74.27 -25.62
-67.5 19.54
-84.59 -81.83
26.93 49.4
3.68 58.5
-28.31 -98.96
84.82 52.51
40.63 -56.06
-98.95 -23.98
27.54 45.89
-18.02 4.64
93.75 -13.55
-62.66 5.44
-5.21 -63.04
28.12 54.46
-2.7 3.95
4.5 -21.79
-22.96 84.87
22.02 -27.44
35.8 -17.28
14.44 12.53
45.58 -8.37
-83.5 -24.4
-21.26 90.01
-53.87 -76.88
65.14 37.33
37.55 33.74
-85.36 -14.17
28.87 80.19
-86.6 86.38
-2.03 -68.71
-81.25 -96.22
-62.57 -47.27
29.63 -52.67
-58.53 87.21
-86.7 -81.52
-40.65 -36.31
-74.52 -67.04
78.11 -22.65
32.64 5.24
-15.98 -16.54
-95.3 -40.29
-87.8 48.3
68.97 10.94
73.62 -79.5
-49.49 -32.16
-85.46 -66.66
-39.13 -84.03
62.53 91.96
72.4 89.49
-65.32 79.75
-48.29 -5.3
7.81 48.44
6.7 93.23
13.38 -40.22
-63.66 -40.71
67.46 -52.24
26.36 94.01
20.84 -48.89
41.74 -13.5
-71.5 -4.15
69.4 -73.2
24.98 95.57
-82.8 80.5
6.39 -40.44
32.63 82.31
81.28 -23.27
81.61 38.86
67.95 -86.63
-50.14 -70.04
14.31 -48.66
78.84 38.94
98.41 -70.6
-8.96 90.84
-30.88 -15.61
26.35 95.22
-92.06 84.9
35.6 -62.68
-95.07 -99.3
-18.24 30.96
26.12 6.71
65.19 62.15
-28.03 -52.47
21.1 -16.9
-67.67 -40.05
-69.88 19.31
-73.41 -70.29
-98.2 15.63
-72.62 -36.11
17.53 -98.1
-73.61 -12.79
36.6 -27.72
6.72 60.84
53.08 62.97
24.03 4.49
0.26 53.31
5.73 19.98
-34.5 4.09
-0.21 24.66
18.85 -18.55
-52.84 -63.45
93.93 -70.16
-44.72 42.39
-81.29 74.04
-82.96 -44.58
4.58 30.63
44.95 -9.85
-15.32 -2.8
-96.25 19.42
-50.1 63.06
-57.99 32.69
-71.76 69.15
-75.29 76.76
92.01 -54.63
34.65 -40.06
-19.99 -32.24
-11.31 1.88
-46.76 -68.65
-79.0 53.33
74.11 43.61
-52.35 5.98
21.38 -81.97
-84.35 47.85
67.87 -34.57
-4.62 93.61
-69.09 72.73
-70.15 -37.96
10.17 83.25
12.63 -63.08
-53.75 -22.95
-43.57 33.16
-68.63 52.3
-42.5 6.84
-71.97 -76.72
82.81 77.71
14.0 -28.41
-18.18 54.12
59.97 -76.73
27.53 -33.45
-80.13 47.78
2.73 34.99
17.91 10.73
-82.86 -2.25
-47.69 71.74
80.69 98.17
31.75 -63.11
96.17 -10.85
22.64 65.63
35.5 88.11
-59.52 58.68
-16.5 70.84
32.54 23.89
-65.94 -18.06
49.24 37.71
70.41 -34.38
54.65 -76.58
16.82 -8.33
-98.13 -95.37
12.55 -72.29
16.32 -92.78
21.26 -70.78
51.85 2.82
56.32 -18.86
51.88 30.62
-47.51 32.38
39.2 -91.17
-34.85 -92.88
-33.12 -5.98
55.25 88.56
-47.75 51.37
89.7 -32.06
3.37 4.76
4.74 -45.9
10.08 -84.62
-59.48 -5.97
-83.38 82.36
-90.9 36.58
-16.62 27.18
-75.89 -54.28
57.05 -10.4
37.35 -14.75
40.71 75.56
35.9 82.09
-69.2 91.34
65.37 38.0
-18.58 -50.58
-63.76 -94.83
77.37 18.24
-11.81 -94.02
69.94 -75.56
-81.99 -60.99
65.9 96.88
43.48 53.13
90.63 -34.59
40.78 -50.79
-31.92 -86.05
54.6 95.58
-12.41 -35.28
-87.01 -18.97
11.53 -99.86
22.34 -47.53
77.52 -44.05
33.76 11.05
51.58 48.82
89.1 -10.29
48.2 11.47
39.86 57.64
-17.3 18.2
38.49 76.44
78.47 -93.66
27.53 -31.46
68.49 -54.54
33.97 52.96
-99.18 -94.05
-88.41 66.64
19.09 -73.56
96.08 43.85
-4.92 51.1
64.98 10.7
25.5 5.14
-3.64 -94.73
84.15 20.59
-85.13 79.85
-88.25 -58.77
6.79 -54.27
-14.94 16.14
-57.53 -92.61
-43.34 77.1
97.55 -64.36
22.22 -97.87
-20.02 9.0
-32.04 -88.99
41.29 37.84
-60.6 -2.88
-52.63 90.3
-79.77 74.18
60.29 -70.96
5.15 62.58
96.23 17.39
-57.52 -54.25
91.21 89.59
14.5 77.52
-56.73 -54.65
24.34 6.67
97.1 -67.11
85.18 -89.67
-64.7 -8.7
-1.43 5.03
-14.28 -35.61
66.84 27.56
90.99 2.18
1.94 -70.06
14.91 -8.09
-46.38 6.58
-34.36 -8.02
33.47 44.15
94.43 -36.68
-76.53 62.15
54.29 -24.99
-46.73 24.28
-21.85 2.69
-77.55 -71.25
-41.49 9.29
-83.98 -70.41
-54.68 -47.02
0.56 -33.01
69.13 -55.91
-94.38 -43.92
54.78 -53.35
-46.77 -67.15
42.75 -88.16
-30.71 -41.48
78.08 82.22
-81.04 -13.85
49.08 67.99
-93.58 -34.68
14.43 -20.02
92.04 -11.39
52.95 -71.53
26.58 68.46
-28.78 77.65
-30.72 14.26
-10.59 -16.81
-90.44 1.42
-19.51 -8.33
63.73 -7.56
43.67 -27.67
-57.82 -84.98
51.76 -13.07
9.8 -28.35
-78.56 15.96
-71.35 -20.69
32.34 -55.53
-22.95 17.58
12.99 -17.91
-42.39 45.33
-11.7 34.4
80.0 61.44
-7.98 64.34
-8.2 -68.4
-63.42 88.51
-94.92 -40.7
84.41 -30.21
-60.16 -16.7
-99.26 32.76
16.68 -13.65
-58.74 88.73
23.45 -0.82
42.12 10.8
59.27 -62.15
1.67 44.11
47.85 -89.64
91.11 -97.03
83.29 -1.19
7.32 -16.92
-1.0 -60.92
67.44 -28.74
-62.46 23.77
-6.11 -13.72
-68.8 76.51
33.35 68.26
-90.7 -65.58
68.14 -13.31
-3.01 -5.89
29.75 -37.95
10.19 -18.63
-28.17 -76.13
-39.35 64.01
69.84 -11.75
-93.2 18.81
-21.23 -20.61
33.54 -79.54
-22.82 -93.8
-35.21 -12.51
-11.92 -36.75
31.12 8.45
-17.46 74.33
73.85 -89.06
77.78 -7.36
1.62 48.13
-83.92 87.33
-73.16 31.86
-15.49 -24.8
58.52 -25.59
-44.25 75.31
67.53 20.5
-47.09 -82.59
40.88 85.58
55.73 66.33
-1.22 -70.78
94.45 60.43
99.73 33.47
-80.76 -3.77
77.9 -2.96
51.52 -12.81
-97.99 -81.16
30.07 71.6
96.33 -7.14
-3.67 -48.15
75.59 32.47
-78.81 -47.48
77.46 -63.53
67.17 -70.5
-34.11 -51.25
13.45 -17.85
60.99 72.9
39.88 -45.36
-50.77 -30.38
-79.4 -95.05
-9.34 -55.51
