60.25 -8.64
13.21 85.28
-0.18 -76.86
0.15 92.48
83.47 40.53
49.34 -98.02
-3.85 -95.28
83.35 22.9
-69.2 38.8
78.78 -72.37
12.22 -13.8
-52.25 -95.01
-65.01 -80.16
35.89 78.18
-73.34 50.16
-31.02 -39.92
44.19 -99.9
-97.62 -90.43
-27.31 43.18
-65.93 -7.12
34.7 -1.79
5.67 59.44
-56.77 91.33
-24.32 -99.56
-32.56 19.68
-48.55 -29.04
-76.01 24.96
63.53 -84.22
-32.21 65.59
20.81 -29.53
-93.77 -26.1
68.93 -2.47
33.12 78.65
-73.24 63.16
43.88 -7.42
-90.18 64.44
-49.61 -6.54
34.16 93.07
-23.9 -1.89
2.55 -48.18
93.88 -70.12
45.77 -7.93
26.68 96.76
7.43 47.13
42.55 -34.83
24.92 99.65
6.21 97.28
78.48 73.85
-97.19 96.69
78.5 45.38
66.39 13.61
91.02 -15.5
75.11 -64.96
-35.25 38.98
-18.88 34.95
82.59 43.3
2.64 -16.78
60.68 75.03
-39.92 -86.01
12.15 9.22
33.96 71.21
57.38 20.59
-35.61 17.51
86.28 84.8
-97.91 -58.91
-22.8 -40.69
-89.18 18.28
-82.99 86.41
44.03 -88.04
-59.75 -86.22
93.44 -65.32
-26.12 13.66
-12.22 -96.67
-88.35 28.68
-19.87 -88.16
-42.59 -27.48
-8.37 -60.61
46.35 -52.12
-88.74 -75.99
98.18 64.67
-33.51 93.46
-66.31 94.46
28.81 -77.38
96.08 37.98
46.57 -27.35
-30.65 60.92
-27.88 -60.27
-61.16 -13.45
-10.4 -99.02
-10.87 70.6
27.86 -90.31
-11.6 -26.56
91.06 85.53
-63.76 -63.54
41.99 32.65
-50.36 -5.44
-63.95 39.09
15.03 91.2
-3.32 -63.43
-25.54 -40.45
52.76 42.69
-67.11 12.29
-33.65 -68.76
73.8 -24.78
-1.51 -29.22
-2.52 64.43
-54.07 -14.72
-28.62 -9.82
-84.2 -39.35
-30.74 -37.83
-19.58 -24.51
-49.44 -50.39
-62.4 44.71
91.28 12.07
-79.88 13.75
98.57 -59.04
-96.03 4.78
-59.79 88.66
41.13 -77.9
51.93 -55.89
-35.75 80.56
-43.3 -49.12
-46.69 -84.58
86.44 -88.17
44.87 -8.8
-20.37 19.56
-96.74 44.23
-96.99 76.84
40.96 -81.64
95.33 -97.77
31.9 -67.5
-34.62 71.39
-84.52 -57.89
87.76 10.52
-30.92 63.82
-1.35 -55.85
71.02 -75.51
6.75 5.37
13.58 -81.34
97.36 -8.13
-85.33 -47.07
-79.35 -77.29
-70.13 -25.26
-4.64 -79.4
56.75 54.38
-4.13 -5.1
30.48 -64.49
2.5 83.19
64.06 -78.25
33.57 45.83
25.07 -3.41
-76.69 55.65
27.88 45.46
6.81 67.3
59.61 79.18
-67.22 85.4
-77.55 17.56
-93.72 4.38
-77.89 21.85
42.04 -8.15
-52.01 -1.74
55.97 64.33
-3.64 -6.94
23.11 -89.59
-85.01 44.79
-59.79 49.45
49.73 19.87
20.54 -90.25
-64.5 -6.4
-35.09 -94.74
28.73 71.49
39.87 36.75
-19.09 -34.15
-15.38 42.57
62.42 59.63
-77.29 -82.15
-59.89 -4.88
56.12 19.59
-54.75 -69.47
-59.09 52.86
41.27 73.27
80.67 63.32
-57.74 20.95
-86.49 31.64
-15.95 -39.15
-20.61 -2.85
-39.73 -78.81
-45.26 37.54
22.75 58.15
-41.05 63.14
-94.21 -78.06
23.16 -62.47
11.92 -54.93
-86.82 12.36
9.94 -48.43
-82.14 -69.18
6.65 -73.38
-82.29 -32.02
-57.68 24.65
3.96 -50.92
3.71 -87.54
10.85 77.07
-74.23 -54.16
6.14 -94.44
-40.41 48.51
-81.0 74.63
31.44 35.27
-35.12 97.97
-68.85 -20.42
-83.61 -82.3
-46.85 85.3
38.02 14.32
-72.63 63.47
-59.96 -39.82
-13.31 -77.26
24.24 38.61
5.26 59.15
-14.24 -84.55
94.7 23.64
-45.38 91.44
64.02 -24.5
-61.48 4.43
-94.88 -27.47
-43.26 50.29
-98.48 12.79
89.04 45.1
80.74 61.05
-48.7 37.31
-7.38 32.78
-84.45 -90.87
-34.99 95.68
-54.3 -49.14
97.81 -73.4
-86.04 -63.83
92.63 -88.03
-94.26 86.72
-15.89 -1.14
-46.66 -72.84
33.51 -10.49
73.15 89.92
16.4 83.79
57.53 -11.22
-88.66 15.04
-83.23 98.56
-97.14 42.58
24.45 54.17
3.65 90.77
-69.79 63.47
-61.86 50.76
87.85 16.8
15.48 -34.3
-43.96 22.37
-22.34 46.2
53.65 36.9
-49.83 39.4
74.39 29.92
-42.7 -91.51
-73.41 36.69
-73.18 -4.43
5.87 -66.22
42.26 -54.45
39.79 -69.87
68.53 -67.11
3.43 -34.96
91.8 -90.82
-44.17 73.3
99.58 65.62
-85.91 -1.18
83.56 -0.12
96.11 -77.75
-32.13 -89.03
-97.32 -59.16
-58.88 -39.26
27.97 -9.6
-12.73 -99.91
31.79 72.33
-35.75 74.92
83.17 -58.29
-46.58 -2.41
-65.88 -46.83
11.72 -2.06
61.19 -73.32
70.57 45.4
-59.21 16.74
46.45 10.93
-18.95 -49.76
69.94 -85.83
-33.62 -99.87
-86.23 -17.13
-6.47 -52.14
92.23 50.74
-77.86 -80.86
-72.32 -98.87
-74.36 84.44
-50.15 59.96
-82.55 49.56
-49.18 -6.31
55.73 47.24
-58.84 30.26
-75.03 -51.91
-28.21 90.8
63.79 46.77
-85.45 86.78
-45.19 -59.12
-63.61 -34.6
81.42 98.66
-84.17 87.67
33.09 -5.83
23.26 69.24
57.58 -88.17
-69.85 43.25
-89.93 -85.61
85.51 -16.76
9.42 34.73
64.66 -12.77
14.02 23.34
5.78 -60.72
82.93 78.13
62.7 40.71
-29.28 20.55
66.23 45.52
87.83 -14.46
27.46 -36.49
-46.48 77.61
-25.36 42.97
-62.07 91.07
20.92 65.86
-92.73 67.54
82.98 -93.95
-37.92 25.94
-26.94 -64.99
-12.21 -92.17
-2.93 8.18
83.2 74.29
-67.85 32.23
-57.77 83.86
-65.07 53.08
39.21 31.11
7.04 93.23
44.61 4.29
94.38 -48.61
93.04 61.09
61.97 64.77
5.77 91.15
-14.45 84.93
-98.57 -14.12
-16.09 -64.34
66.17 56.94
-75.66 25.0
-78.11 -62.64
27.16 43.81
82.08 89.18
33.55 -85.14
92.72 -76.39
81.34 88.95
98.87 -35.25
-99.59 -74.94
-82.59 61.41
81.56 97.32
91.19 55.77
-10.11 -6.87
-51.98 -60.88
-18.24 81.5
-82.72 -89.1
33.16 64.43
-23.69 36.85
14.2 -87.13
-5.33 -39.01
66.09 -0.63
87.66 -95.31
73.1 20.41
28.03 -58.19
94.78 85.45
98.51 60.86
-62.98 -91.4
51.33 3.67
-72.49 76.34
44.69 -0.89
85.2 -33.79
66.1 -69.16
-32.17 -28.02
-36.97 -45.63
44.17 -6.24
97.33 9.56
-0.68 -10.41
-20.55 51.05
-13.47 -26.66
-56.68 82.45
-39.65 47.48
1.52 72.19
-57.83 75.49
-70.39 -4.97
45.77 81.07
83.13 19.92
-87.92 -90.22
-42.54 -41.3
-15.35 -28.12
-54.21 -58.1
-79.87 8.67
-1.82 68.3
28.84 96.37
11.87 1.06
-89.68 80.22
78.5 20.54
22.54 98.48
29.94 -59.08
-5.18 9.46
85.16 -49.11
34.01 -37.34
67.78 74.83
-48.66 12.21
-91.16 95.27
-0.83 -88.93
37.87 -27.32
-2.67 90.34
28.11 24.73
-3.92 22.29
-54.93 -3.18
-88.01 -41.31
-93.67 18.94
-91.59 -98.91
6.02 35.73
-24.02 7.69
-43.68 2.96
-18.38 -39.09
36.71 94.33
-89.55 21.37
12.79 -89.01
-3.59 -83.88
44.83 -66.01
-38.87 -22.9
-75.74 72.92
34.64 42.18
47.79 -68.46
-21.83 69.46
-5.5 -92.92
45.07 41.49
-73.95 -26.64
-24.66 -28.82
99.67 43.69
21.19 33.36
-73.93 -83.52
86.29 42.8
46.72 -77.2
99.43 -18.92
-20.43 -4.54
-95.07 21.8
96.29 -81.57
-74.62 -56.74
21.85 -39.76
-91.15 10.72
54.43 71.9
0.07 0.91
12.05 88.23
95.79 94.9
47.43 -23.41
-58.3 33.2
30.17 -71.77
1.26 -21.99
10.14 -42.26
2.33 94.1
-76.79 10.81
52.41 -87.25
-20.11 -45.32
-36.07 -73.4
98.03 29.21
57.04 -45.94
41.55 -39.47
-93.14 80.24
49.37 -63.91
17.67 14.74
-86.91 -95.56
1.52 -44.96
63.11 -2.99
-25.71 82.59
74.83 23.54
-67.66 -54.24
-79.87 -37.33
92.54 -87.46
-49.07 -34.02
65.44 -82.45
33.14 -27.87
-51.39 -70.38
-36.56 70.75
-17.89 -62.85
4.35 -34.73
-41.61 -97.63
-81.65 71.78
-87.62 -11.05
54.68 7.8
-6.51 -80.72
84.14 -95.66
96.32 5.7
52.33 -1.86
22.1 -44.22
-85.42 96.95
-50.73 -94.94
9.59 -31.46
91.33 8.72
64.36 -79.47
2.28 53.77
45.74 90.77
-67.26 63.06
-72.93 -68.78
-62.81 -25.61
73.17 -91.94
-9.73 -68.32
-54.35 95.57
81.8 -25.08
-63.56 76.15
68.15 34.75
-86.94 -51.44
