-32.39 -29.91
-36.67 -84.24
19.27 -27.33
-5.84 -90.34
-13.91 -49.79
-78.55 75.6
81.26 31.81
-50.58 -4.16
-9.9 -18.04
54.93 22.81
18.17 -47.14
47.12 57.89
-26.05 -86.08
-7.86 -26.03
-30.21 -15.67
-76.94 99.2
-83.86 -98.64
-4.79 10.09
9.14 -59.62
-69.81 90.3
95.69 -32.05
-59.47 -7.0
-77.9 -12.16
-71.42 -5.47
47.34 69.86
13.39 -50.8
81.8 -80.99
-71.41 45.87
-88.11 -4.73
-67.4 -75.52
32.4 -99.24
12.46 -10.77
83.15 55.48
51.94 63.23
63.2 77.18
52.43 88.51
27.01 78.71
56.06 -43.9
-3.88 33.18
72.21 63.38
3.94 -86.51
-8.35 -82.0
75.25 -84.94
29.58 -11.43
36.73 97.71
15.12 90.99
-65.33 -91.55
-50.01 -89.39
8.73 -16.94
-80.59 77.71
-84.46 -38.34
0.41 6.25
24.0 -66.35
56.21 -49.71
-28.02 -5.1
2.23 -75.57
96.37 -54.65
-63.52 13.46
58.18 -54.85
-75.87 -19.82
25.52 64.45
36.06 59.07
-44.54 -12.17
-4.45 -62.07
